-5721039
-8151388
-6031003
-9542646
-2494592
-5333873
-4061528
565999
3899543
-8480999
5872833
-840202
6153730
-4200145
-86481
-1353174
-338953
6617095
5752058
5760754
2384770
-6549974
-4129113
4359607
8935068
4768023
9404515
-9307642
9425464
5011453
-2808233
-2517952
-864171
1974953
6601118
-9797695
6088427
-2218229
-1353474
-1376894
6327726
-8395052
-6438955
5727665
4082079
615012
9516159
-2457224
-5596554
3320912
-5094604
7540964
-2327338
-6036460
-8241889
8306358
-9551498
-4462759
-7822911
-1577949
5686902
-1238113
523804
9023611
-5804798
-6389007
-485375
8710502
7929744
3176287
-2830811
3160
-7686072
-8878785
-5891450
5871480
-9504443
-8772785
-8635540
-8983238
4797735
3716676
-797880
-7192427
4015745
7672211
9077317
3374595
8408160
6458347
-8973042
-8512577
-5875998
7383307
-9210045
-8351003
9263581
6626616
-4054509
-6621724
7978347
833025
-4190117
9484424
8570622
1015241
-7031429
2269155
-4601259
6402284
9871560
-5382793
-7620717
-3850548
6353822
-7035320
3363173
-8350502
-5265488
-2202150
-9295083
8006519
8769530
9951821
4623490
-9948516
-4248839
-276839
-9134061
-9054294
-761019
1974405
-3192479
-3540629
-4216715
4109459
-8074080
-1336734
1382661
5252172
8920566
-5231867
-7171333
-5326773
-5375466
-6546594
9567484
-9832723
-4120356
-2458779
-9601601
1752595
-116149
-3783053
-6131334
-1055088
-8153115
2881465
5440348
-2668976
-1708059
-2164125
-1984249
-1642113
-1057214
-2937152
-111403
-1711602
9820904
-5408285
-3333088
8245190
3199855
-6037934
-4468670
-4509627
10812
9020922
3259349
9443165
6230395
5317716
6365525
-7202986
2551172
-4834827
-3204997
3799213
-4525688
218635
-5322287
-2739096
-4044481
810142
-5464707
4118064
-5457218
-3351163
-4168038
-8315096
8875074
2537158
-5104664
9118235
-2244773
-7290916
4505076
-2529459
-635926
1699749
-1557548
8734894
7289026
9541093
1371642
6592476
-8340766
-1942186
-7374561
-7116601
-7597248
-8527215
-9920055
398136
2587973
-7691025
-8725550
8787410
-5298291
1258168
2786847
-159964
-4194872
6519583
-868911
4218615
-2159377
-2974994
6086093
-6509600
936666
-2901616
-9762354
-5361326
-8336430
-517206
7025023
-4853044
-3543716
3091332
7327363
-8202633
-6430149
-626607
7856434
2308421
5132459
-6090763
-2927928
-7571937
-7341065
1582572
-8582044
4329490
9855501
-6908997
7756681
-2161637
-8687145
-7007399
-1876116
1573475
9391994
-6879823
1917293
-5880850
5036341
-974932
-6308722
-2016392
-3298886
-7891712
-3920815
4467281
6264353
-1405490
1225539
6919955
-7612509
5396919
-2851628
6413199
7378512
5278135
2879332
-8354328
7423749
-385104
-3366260
2356716
-5191893
-3742233
-8996726
5863481
-6033889
-5206224
3739155
-7539249
9447675
9878868
-2734848
7133832
-4824101
3499169
5725309
9253899
9135909
7199006
-5372542
3841883
7825649
-234515
4231418
-310696
4440241
-2197535
-473714
-8423178
5367990
-7844951
-312836
1095803
-8803398
2938989
1918089
6154542
1007047
-9619335
137968
-9829294
9008894
-6822444
3097439
5229991
-4934889
-8809801
-3032959
7052323
4293614
-1531025
-5547947
-8786038
6115026
7787783
-3770952
8470005
373793
1834560
5944665
-1246308
419899
5152907
-2418453
5841854
-9102712
5865882
7823480
-5106873
-6100131
-2884432
7188353
-1926406
-108756
1904152
-8983705
-712435
-6232628
970820
-3909191
7588719
-6965488
5711313
-2968968
4414341
-1807375
2197437
2643841
1392046
1422107
5700127
-6808984
9014571
8856050
2725908
2492538
-3116211
9833650
-2990189
-7074396
2384266
-1742681
-1236665
-688150
2655921
-1594637
2083115
-3630858
-9026273
8742715
2744187
-8184256
-3890674
-8970032
6111142
5731977
-9461346
-9872012
-4511073
1369901
-5528805
-5815990
-5771351
-8785185
-1863356
2669974
-3619082
-7714755
7834278
-8157452
-3944669
-7942443
-5389614
-6611327
-5049688
-7013706
-4677859
-2314127
-3739489
-9363950
-6464845
-8381253
-4824452
-6452768
-3449580
5177660
6763536
2912409
8142111
5018084
-8463519
6262622
-1317187
-1083803
7582352
-7814774
-9631018
-1336108
-5709662
8825646
7417646
-2384368
1565673
-5805399
3575187
-8947079
4072556
-9772577
4203878
-1149342
2770780
-1918795
8387713
2482160
1131501
2208565
5430857
-8692228
7638689
451871
-892195
-2933874
-6805585
1813608
5005269
2757761
9797150
-187424
-6595573
2563601
-167829
9128434
-1581095
-9571876
9488201
7546894
-4899529
-3808986
4548759
-7743887
3035461
1631818
5181589
5972093
4183879
5692976
1867292
-3859654
-4968617
4638351
8348350
-4139168
-1032894
-3729387
6796107
-5477863
367376
6770120
9901451
-2071667
7186490
-9822532
3392918
-3090423
3113754
-9158618
1360128
8263268
-19697
-8428514
-5821657
-5577748
8864615
-9688870
-7058591
6683662
-5287950
-2393873
8631595
-8332625
2424863
8793310
8866061
9886343
-2378507
-2445482
-5134283
-6021381
4751251
3851203
7124659
6457031
-7122798
-9419290
4941449
-1040461
4313465
-180885
-2014560
-2691605
6665167
1150019
5259085
2484189
5779589
4625425
-8345921
-9206833
-9636102
3033061
-3026116
-9495763
3854457
6669658
8151410
-2979734
8457397
8422547
-5016360
-2209131
-1406620
441922
-3341699
-8425310
1870021
-5277183
1111593
-4659621
-1640749
-643050
9282941
4204132
3149671
-553923
-4966317
7612494
-5427198
3409871
691295
4954038
-4427804
6552855
-9036099
2118674
-8470083
-2304738
-971211
9900847
-8457654
4976540
-1015700
7239933
2373721
-4244971
2843202
-4212402
-841986
-3813244
4809180
7810095
-2862692
7886756
9762736
-2833955
-3350687
-1606288
-9933965
9188433
-6693692
-5691646
6479066
-8638824
-4795163
6285949
1971925
1784558
5695417
198291
925722
6590466
-7525926
6402540
2095282
6328370
18004
2641483
7208334
-352658
-7483133
7579356
-1433955
8192899
-1766969
5665684
1062378
-2387546
8243063
-7671372
-9813755
-3190907
-7314224
-3017164
5032952
9293819
3010815
-3345134
-4631798
-6998853
9696606
1335660
-7440462
2778058
3440032
-9443907
-5024069
5360984
-551543
-1424110
-3066562
617801
-9454866
6334455
-9609503
-109814
234715
4040501
2120222
-2957369
8170232
3276299
9163024
1955559
-7399244
2859640
1882735
4540153
616189
-892108
6688165
7458887
6675780
-7920014
2816932
-6483693
9029348
2181837
49556
-2212504
9593317
-23645
5676980
7869042
-3867566
6386812
-1057905
-4559031
-4486753
4282844
4098971
1942546
3314018
-5843647
5724669
-6368303
2639798
-3271189
-840029
3569295
1694368
-8730498
9627039
-573933
-5204646
-247507
-3758498
-487007
-7818235
-2615720
4159113
-7617793
-5328077
-7445941
2392157
-1301287
-3034936
-6696250
-7023172
-4705947
144779
-3109908
1654504
-9932248
7514434
730147
9959957
-3614601
7910800
3365317
4843910
6271861
-8065780
-5998017
9884281
5564255
-5234650
9311177
7199089
4490385
1871860
6935635
-6484748
6511120
-2870211
5726579
-8204369
-1108470
-8931727
-6507674
9446933
-3583085
3462304
1242039
7915423
5793833
-2787062
3716233
4686635
-6599523
-1815849
-9762281
6594980
8496447
-3724890
-387848
3025207
7703551
1496340
8499642
84074
-4439087
-6585892
-1796705
5966459
-8121437
-7957701
-9293410
-9615719
-5140122
-2069086
652553
8468870
-8572015
-2509537
5766765
280243
6696728
9091601
3213213
-4541886
275968
3890391
-4812745
6318588
5310783
4616177
-8757708
1954423
-9694319
9987853
1416229
-4109190
-2348645
4775697
-970591
6947698
-7349384
7737850
-6783082
2057686
7848766
9359216
-9671423
-4851056
6130539
-9990076
3287886
-1606464
9512765
-9482538
2839954
-4119991
737249
-3797237
7922959
-2487280
174709
-495255
-5408364
236660
3053789
895823
-1726178
-5614978
2486848
-5610228
6655349
-2927263
-3916301
4538614
6823995
-7809025
1459930
-280948
-6043264
-5268848
-3906406
6401497
535609
-2499621
1342455
3162363
-3297890
-2182502
-1617347
5680788
-2664302
6944414
9915176
-9816184
8006852
-4421081
4974056
8668879
6109764
-9048896
-1547069
896943
-6648237
-4372086
-9073714
632797
9044961
5702565
-959973
1925153
1159833
4713662
343000
-7468238
-9025619
1177914
-5281136
-3404089
2867741
1410377
3734400
2983261
-7554970
-6565953
-8569571
7792066
-2429004
8594754
-1509524
9931534
8608821
9407050
-9585225
-9563511
-6667255
-8503999
9036665
9906214
-3142753
155199
-3490494
3018880
7685223
265903
-5631987
-313173
9459914
3850333
-9278390
3839452
7804704
-776316
-3335411
6582158
5923186
9864134
-9250928
8304722
-2304064
-3914247
4349078
-9901359
6847836
3539791
-7222238
5957162
84796
-1492651
-6787333
7193361
4277015
-9794079
-76402
1780219
658936
-683050
8549265
-242046
9553350
-5404544
1127680
-4482721
9022728
5068751
-2539351
8038596
6049271
9958520
-2179688
1049035
907141
-758539
8974034
-4586639
2019102
-9240474
-8570533
-8959528
303326
-920569
398515
-999150
9634631
4142233
-2484799
-9681156
-2607854
3088906
4002489
4357802
1525130
1455077
9395764
4692417
-6175611
-1110848
-8100319
-8663999
-6920271
-360967
-6435796
1909661
-1493622
8625921
488921
3873394
-8212341
8656572
-5619805
7332592
369335
-1425230
9412510
-535727
5193692
2757013
157843
3070610
-7428829
-3906852
-3399807
6417286
-2079114
-6105586
-5570269
-3419797
-6416665
-243199
-7505828
1745793
-1478765
-4942177
1149893
-2649734
5108937
8054125
6890941
2405091
5512458
-1220872
3734322
-3613317
1806867
7785036
-179022
333778
5953275
8756343
2582120
8667046
3036194
7377787
9080628
1807680
-6897868
-8555161
4011996
-7280621
2316943
7375598
5411924
-8253330
8511830
3107473
1131288
-9511224
-316746
-122566
-8486027
6353614
8921309
-6233249
2372580
-13129
-5611371
7561826
7711944
3678289
-6875751
341682
5195319
-6140143
-2911859
4728039
-6670008
9183986
5574375
1624548
2881784
118215
3167001
7349918
-6272681
8229034
-8845553
-9035125
391593
2272425
1377004
-5541553
5357420
-7386950
9243475
-6169382
6681974
-8631474
-4302183
-4241898
1389866
8097445
718592
1095447
-3105307
7250518
-6465598
-5406673
3535737
-3640515
3350811
560828
9751484
-9276256
2172319
-4996951
5161963
-4712352
6516839
-4211715
-7497661
3742828
9942069
-2212573
-1300268
9577737
-3413680
-260909
-9052230
3595300
-6530146
7807782
2832171
-2912493
-9077543
661420
-3794651
-9108863
7891549
-153033
7019676
136870
-7402360
6184451
5037874
-545842
2654019
7220538
-2923652
527073
8896260
9459933
-5570579
-9917781
-5902355
7075179
6010796
7015396
-2222671
6661132
1981578
7865017
-6109433
-5124984
-2205868
-7192600
-878053
-2314097
-6682843
9054894
322894
84428
861206
4338302
-6006698
-7704628
3632039
7942806
9645923
2089249
-7137789
-1768313
732020
-7933301
-7616061
9798585
2891268
-8440061
-9667565
-4944864
1027672
-8080822
9005644
-4372409
682538
3283036
390093
8568263
-6217064
-8143673
-9714465
1601118
4272200
-203288
-4989727
-8531667
-752914
-7592902
-3098727
3669698
-3569703
-8181996
-1665997
-4154149
7503848
-5467600
-4888771
-981095
9290279
1203371
-5332003
106330
-7453686
8406669
8555166
3858733
-3859649
8077350
-6312163
-1017612
7815396
-343586
-1645664
6002217
-8018230
9930844
-8960085
-5180181
-8546246
8410935
-7867676
1451024
-1180374
-5125994
8369095
3003014
-9599539
6723318
-9022099
-4618861
-7368310
5590094
1072191
3926673
-5738826
4134077
2819438
7374033
-6914788
-6706563
3730585
6288133
-1624721
4565685
-5783134
-2542692
-3426170
-2613208
6327288
7801365
-4496087
-4874386
974149
-9130840
8781641
9610196
8007600
-4256431
-5968810
9496895
6505004
-9689515
4135449
-6619104
-3601065
-6310258
-8592549
-5322100
1706862
-7462257
1978679
-8289982
-2045938
-2235185
-555453
9887506
9960150
4933765
-408668
5563366
-1745025
-5724803
-8803069
7849017
841189
-6288048
-3738811
9831416
5899176
-8074459
9566405
3668378
-9839572
-5924504
2538140
-7027211
506626
5519658
6131551
-8137863
-5167785
1809317
-5852169
7095590
8342115
-6470568
-1976913
-2056671
3301655
9186091
-9228479
4502900
-2535823
677304
-5378935
-6451514
4475329
-5298644
-8551056
-2537760
-8564611
-1897964
-630543
-7430778
-9973020
1979021
-5805466
7348373
-9181312
5823609
-4105531
-2307687
-5805335
6360653
665543
9457362
-8689254
-1115589
-7579450
7064104
9949855
5084364
-6186983
4531904
5842013
1065614
1725063
-5167115
8980493
-9505218
-6734255
-3902118
8535095
-2202043
-4671247
-5308199
284459
9380841
482813
-4309667
-6676413
8092265
-652696
-2323694
921666
3814514
2798387
-8745724
5983912
8446703
6257758
1692577
-384204
1302154
-5916676
5760477
773262
-4758832
-2193260
2941188
8932617
-4800868
-4242537
-9708322
-1155325
2193386
3022308
3524720
-1007000
-7648730
-302355
-525661
-5302486
3896007
2057146
-1338267
-3120943
7172149
-6136256
2351134
-5560878
633019
7066663
-2752352
-7332419
9409913
-836931
4588986
4124735
4449383
9226960
-1966849
-628022
1343300
5133601
6113177
1021428
2645811
9020272
-2176224
7252272
-3442371
-513716
-3064483
8788667
-7197688
-1798446
-7822808
6923273
5346237
-7903229
-9821107
-3050905
-9558224
-1827338
7823264
-8347928
-7167610
9935485
-6256706
5298791
-342528
-6955439
-6151304
-7513730
-9593640
-581324
-3031563
6750749
1412543
6986966
9858961
7517475
3775417
-1379408
-3196121
4897549
2877018
-8360500
5815533
265036
-8146687
-1303501
-5520595
8358883
-7934566
-1711187
7900302
-1950842
-1652173
6155311
2083784
6424585
1822833
9917220
1130662
7184227
89386
-3561713
8224832
-9285207
1507544
8031799
6512410
-872846
2829632
9831307
-1219925
8499791
668022
9322108
3075946
-7246908
1144856
9320307
-9835920
1337853
8554560
-1042537
-70800
-1278659
-6681303
2632982
-7336516
1867448
-5406209
9423886
3470564
9051029
-809417
2359124
6248083
-9159503
-1447665
-1328826
-7197030
-7679911
-7840963
4807993
3575416
9428269
6504176
782446
-1026525
-6874610
-4499526
-1906232
2665355
-5692550
2722013
8312173
-8095109
-3367857
-8403267
9128174
-3073007
-3801310
-4884547
9490325
-2603971
896118
-7630823
-7812366
-9152430
4293812
8948369
9844226
-5427151
2625682
7321658
-836554
-1516530
-6578994
5859435
-8493853
55561
-9879158
8262794
-9742607
-5469265
1238513
-4256049
2635026
5750441
-121169
-3787975
-1218582
3879639
-5149792
1163058
-8420476
-7707988
9478584
1803612
-3458298
8072116
-4113218
-8048044
9250293
-4967081
-9250818
-4544161
1938395
-962477
173315
2415302
2776221
-10140
-158178
1804491
3979786
-1878502
8666528
181241
3929866
-3936908
-8286009
-8069819
9000342
-1870929
7250245
-4450235
7338154
-328230
-2618269
2678659
7667741
1123507
3401684
-5062979
-2757106
2330419
1099440
3295914
-3766368
-8728926
9527201
603943
670097
2312806
7022862
-1835677
-7423218
-4197602
3133089
3997506
4003779
-8084909
-6533125
7774106
3178429
5334894
-1760818
206181
5863867
-2965607
-744312
-9698974
8498152
4357461
7769548
9436030
-1913656
-2930955
6065539
-7461372
2970576
2656825
2470866
780615
-9419264
8083530
8870792
-5735388
7185819
7644871
6706197
524619
-3481926
7297910
-3067710
7257471
-3421337
9569682
-2855298
3340046
-4873768
-1063406
-6835714
562811
6940673
-9376561
7061973
-9636791
-7928360
-9921688
1084929
-8752227
8757770
6101838
-8297552
-66685
-4185272
-5251993
-7131709
-1533032
-1022345
-615940
-6026810
4065174
4598257
-8256888
1244932
-8123424
-4333166
3460233
-882856
7840395
-5548662
3095061
5403842
-9260187
2544330
4983242
-9710760
-2438088
-6964354
-3612350
8139946
1593560
2429262
-3222407
-6765079
5606088
-3330894
8804632
4290611
-3751391
1728407
5375739
-4270017
9155405
4879116
6446827
738433
-1275254
4774652
-6531538
-7346476
-6292975
8572451
8098774
1994884
5260572
-2701294
4736803
5914640
9079326
-7790007
546936
-9541403
-1426677
-578516
532341
6249894
3015217
-6666284
-9134508
5692969
4094242
887820
-8717481
1222646
858122
-1368547
-8532531
-9382880
-5598991
-464106
-3903120
-9804352
-5302562
6445062
7407619
3095605
7692374
-5309373
8170789
1849637
4147620
8812247
8688865
-5473670
8802389
-9433002
8199720
706555
-7336963
-3638341
2117015
-8087549
5755085
-6486229
-282670
9410909
-9203646
9904511
-9672559
8180804
-9908816
-1939850
-7899728
-385617
1329266
-3812479
5315140
-6591919
-8642354
7781909
-3946642
7724017
709435
-8884756
-6506229
-6567745
6541977
5434587
5368823
-6169202
743756
-7494825
3623735
1401061
-8550450
8772728
4394920
-5951222
9710282
5840932
2488358
7806863
213309
-1324134
5989821
-6016891
67441
1389083
-5600436
9140073
-1403397
4820655
7033102
2418126
-1896792
4031800
-8688969
-5074402
-3185487
-9906404
4531716
-2595898
7416572
4518252
6655529
-1429529
-3054914
-9877877
1590671
-3124231
9260676
-6830417
-6784066
9167804
887861
-7402066
8098195
6537132
-3301571
6847881
-280332
7479807
1977360
3181813
-1595717
6574771
-5071169
-8058355
5527657
-9613298
3417308
4998845
3349645
2299964
3327077
-6055105
3226722
7931700
9135970
8920309
-1872138
1796872
7610213
-5742614
4875083
-607290
3313026
-8843634
-6893626
-8916470
2446989
-6153170
1723707
2509634
1551858
6275087
1380576
-1001666
8995772
-4778006
-3661648
9296048
5706319
-2481333
8259333
-5021371
-7555360
-3873903
-171342
2043384
8768977
3317034
3722908
-6090715
9157524
-2808720
6314115
7809664
-9698904
-4365249
-8412212
-6919597
-4126110
-5625951
202485
-1134488
1125939
-3090958
5942148
3621726
659353
-4969925
-5683835
-117573
-4817067
-1564136
-8248791
5783108
7616148
2552793
-4709876
-1540428
540458
5717507
-6809263
5417748
-4328630
-7613168
-3632707
-2216872
-7159182
-5027824
-7016343
-2003970
1880569
4030208
-1802876
4464917
2747483
4199592
-1595096
5401199
-7506209
5759305
775472
-4412067
4691231
-7388806
-2937925
-7678755
9245052
-9002047
-578847
3917952
5660680
-3807319
-9567805
-5774200
2435245
-1723888
6502262
-7778437
6704211
5075811
9856858
-2687353
-7813632
4377141
3208656
438891
-7345356
-7864989
1635903
-7086061
4451554
1336577
-5124795
8371789
7377034
-2837657
9805631
-9186882
-3047928
-2065772
-5025496
-8172747
9066994
5274943
571921
-877804
-6478467
-5231914
-4525859
-3367770
4788761
-3696108
8912820
-4607552
-5017026
-2101589
-5089064
-7591712
937926
9878564
-990642
8356164
9108271
2419634
3946420
1272247
-3300535
4050318
5040349
-1658148
6779889
449404
-8801541
1425992
8494115
-9578848
-8999915
7205087
-7525433
9164915
-3021095
4668580
-8891145
6888195
-9672607
2516289
-8963184
-7598817
1871404
-6549753
5924738
-1900929
6782527
6071206
-4831810
1269349
-9227513
6521912
6901546
-3837058
858339
-9540545
-421910
4034102
-7809656
6224203
2895286
-1977733
-1558169
-5024687
8481150
3790189
8362153
-4994905
524236
1406818
4507328
4638837
-3263081
-9584143
848309
-6783793
-6748802
-8441954
-3607986
-6593547
-3543312
6437838
3060010
-7718037
9546175
-4343795
6885267
-2092819
-8641396
-3075102
9697693
6617058
-7072127
-7051637
8729669
2903891
3976281
7358729
2952633
-4776056
-4889942
-3595604
-1034550
-5680303
830393
1602994
-6210431
3666249
-371258
-9376449
-8565840
3233471
6271658
8459995
9691458
-1751141
749328
-7292803
464680
-2379493
6033869
9465483
-3862216
-5242449
-7290671
-1356785
9752981
5698038
9857413
3450188
-9018568
8760118
3311650
-333812
5082745
7384696
5152437
-5115469
-5818325
3416797
-5530887
-296164
5277850
2507901
6550504
-4781948
1267158
-7653549
-9264603
6986617
-9002709
-1808321
971172
5639361
8238731
4404491
2789140
5017453
7000181
3621210
7036333
-5235279
-3701742
7569225
4865964
-3102697
-7096373
7513624
1389401
-3478686
2776054
1005136
9263916
4235585
1602876
4655762
-7115747
-6979688
-4660362
-114972
-5798552
7475886
297671
-8649016
-2701303
-8250917
-2061538
8454389
382051
1600994
4777981
8566049
5045108
7971564
-6350180
3531806
-4384329
3670954
8362921
7745518
8291057
741023
2997178
1091769
-6145527
1461459
1769280
-1518692
955194
6039804
-8334956
655028
5855313
-9037302
8925372
-111458
8894233
1761145
-1499477
8931844
-8763056
-6770445
1395648
1944246
561639
-6763571
-8722260
-86398
2418697
-5337771
-6438786
6471221
5012510
6816368
3621381
-6680395
1411391
-6421094
1807933
-1849580
-8331478
-15804
5112621
7209650
-5780233
-7614870
-3565776
-7354134
7131709
-9006372
-6590128
-3127249
-6698625
4982829
-9005195
5919927
-6020477
984853
4382115
-47783
4369717
-4936369
-7127348
3785506
-7076764
4478396
9292918
2340919
-9764245
4964368
-7502929
-6853107
7937381
6522874
7701504
7670755
6601720
7953769
780357
4653933
-350640
-2770281
-9938981
9214589
6317375
1297932
-9211637
4651348
-4385820
9091209
8094828
2814050
2452523
7020112
5960747
9135400
-9457395
3443875
3097471
-9150901
4951196
192657
-2476632
-7391555
4757290
-2586136
-1370906
6589250
-6386476
-6653353
4904453
9715114
-4213074
3527359
7791548
6611548
4276820
8976979
-3284428
5249500
5517231
4150230
5614883
-3267445
6554757
-3081294
5084445
7390957
-993646
8304505
-1591134
-1480489
6600264
6804388
-2265087
-6322382
-6797826
341420
9480179
5580008
-868829
5573662
9324844
-1932587
-3977980
5577705
-5935220
7439661
-5317264
-257526
2448601
7450205
-4052587
7203735
8643290
-7180640
7088737
284243
-9306151
2309889
-368521
290963
4732332
-7072609
3530236
2074140
-133203
2535951
7367179
4278573
6227707
3743793
-7418281
-6530086
-8764599
9533229
-8046335
-4412237
-615167
-547285
6807521
-8526933
9658156
2146302
1706102
-1712632
1129276
-1694687
-9655768
-3336433
4338121
-8390727
854805
4942548
-7927266
-7040755
-8242108
-8718275
-7563701
7433742
8414970
3297566
7287534
2270613
4135114
-2908068
5541631
-4013671
-21630
6176547
1534856
9152578
-8281938
7979728
6503134
-2510607
-3385220
-5953007
1849076
-7808947
-9166282
-6576607
4651921
-2528740
-5672612
-2018431
332955
2987550
-4057988
-2878249
-6553123
4204416
-7686012
4584502
-790192
2092635
9706631
1876663
3554084
-7864437
1817044
3956278
-2517090
-2876024
-2095281
-3601043
9855280
-418754
-9233270
9340618
-16579
4588174
-2589973
-3195579
-939327
-1681049
-5561347
613477
-420844
7609257
9357885
5566731
2871651
-7730533
-904157
2848086
-4756332
-1507279
7958956
-7638723
-7130376
-6057419
-7318644
-4981035
-7784272
8325812
9981324
-4708731
-6951221
638087
2881454
6071926
-748898
-3529308
8086099
-3539990
-5157957
-9212955
9071877
8952040
7518431
5444341
3596321
1181064
8608150
-7909107
377011
-3911889
5336133
-1745342
-8579018
814853
-709942
-9765847
2066955
-1628401
3175739
-8468309
-9276757
-2584034
2851677
-3727982
-3251707
-6896157
6503019
-1645343
-9491384
8694154
-6965819
-5379702
2877007
5422872
8080178
-8139805
-5559250
6346407
-8392253
6290348
-5606188
2407271
-994626
-9977499
-4389220
2691357
7773976
-8700028
-2474489
716429
-1387893
6621301
-593003
-9834761
7965252
-6117892
-9394324
5131417
-2348842
-6675280
9549263
-6687067
-6410095
-1107884
-9666744
-1662342
5831725
-239215
8141
268411
8292403
-9662687
-973369
8272993
-2042648
-381428
-6187580
2967490
-465421
5348049
-6341255
-3704312
-2222447
-3184354
-8030913
8602278
-9878779
-8901551
-9589917
5769753
1429952
-6309776
-4706883
9574136
-9241369
7168169
2229187
7883342
-1145378
-3972778
-5792758
-955165
-1483115
7620378
-4966876
3325037
4596790
-5620464
-8009443
9332787
-7989411
-4595074
3663810
-7280230
-5320185
5879751
2463493
4189124
2369471
-4677656
-2027593
-6289110
-1789897
-2569369
8159427
-4040454
-5388909
-890947
-1114041
4009135
1733736
5886455
-4765621
-5003092
7904465
6479414
8498026
-1004030
7932966
-5168509
1706551
-8588863
-2429418
-4496711
-520548
1316272
-110438
4802935
3094553
-1412667
-542839
5196589
7264272
-4961956
6885629
-909598
3206167
-5727090
7463001
-6056136
-7188201
-3199837
-5800539
-9054929
-8187869
1150988
-4683615
455249
7973042
3998161
1490821
77926
2002966
-2220611
5253869
-6345220
9780178
4332116
963094
-4520469
2100488
-7200071
296902
8306300
9929242
-6001265
-2916562
-8203416
4637808
8509569
-4253191
-3337415
-5680088
1409345
-3829937
-1877060
-3105125
3124247
-6196687
-7192047
2607983
-9668855
488599
1881659
-4039407
-5145295
-1035701
8416438
2770149
6260012
-8499929
8803553
-4188174
-2554594
-1873754
-437938
4921984
-7322326
-6693983
5208861
1399825
-121210
4975674
6763686
6526102
-4056067
-3787476
847746
3592697
935461
1134913
-5636498
4838027
9634758
4948557
8549490
-3459738
-734987
-1733321
-3944970
-7152338
7251214
-6117496
-391058
-3166416
7905719
420192
-1409897
-2330495
-4815506
7497177
-1161979
-4903753
5884905
7628399
-4412476
-3071257
214471
6763923
-9384408
6381466
-2569306
-4714942
-229039
-683412
-7514410
-8410622
-1189170
-9471396
-5703417
3702929
-5510048
1690232
-5022423
3558668
4808214
-4609678
6831719
-2423297
8000694
-6419260
3782050
-7447602
1793266
-3753417
4421553
9802641
-7517507
-6579481
-7383219
9837571
628686
8550520
2931589
-5682474
-3006684
3331595
8473209
3795604
1221500
300355
2422134
-9818550
7437410
-6865646
-3355463
4311440
7052270
5010666
6905236
9126660
53214
7254308
1780783
-238939
1114839
3404152
6760191
-401044
-2916077
4679233
6948805
4746536
6606995
-8209517
588484
-9446585
-7552991
-6528059
-6291895
-8127862
-8385026
99457
-8605666
-4011243
-8076149
5506546
7687095
-6373489
-9805454
7542215
-9000699
-7039330
9200352
-7839585
-88583
-7644759
-5734442
4012109
-9471986
-6834067
6977996
-9715352
1108322
-4598786
-2224354
6413785
2598722
7132321
-1279274
9586935
-8513805
-263288
-1854631
-8169325
299492
7826395
-7105821
8404919
-3139398
-1426876
-9890388
5520914
-8340271
-7169255
-8352539
-2774824
7003755
-3149585
-1529259
-2143564
6917845
-9914296
-9047050
2056044
8979844
-1651760
-3443359
4773764
8239848
-8904497
585783
-8621288
-2274522
8034101
8675046
-9875917
-9104929
-1348769
3434347
-6000006
-4087334
7661917
-1305236
-493920
8214558
1089706
-149386
1328522
5070479
9959116
1870988
3301426
-2335718
-6665998
-1670110
5865554
-5944013
1149053
-4447109
2894526
-5744776
1391635
2401288
-3359586
4907155
4310343
-1544046
853288
-2250477
-8268700
2547152
1467589
-5543908
-1665246
9262527
6095875
5362039
-2218052
251904
-5658833
155677
-320559
-3324953
-5504339
3042969
7125855
-3974267
-2961628
6959808
-9228176
-7486443
3016903
-9023435
3318625
5481437
-3817548
7835742
-6225427
-4579213
78927
4547839
3393932
-1813890
3895426
8674900
2448470
1886853
6428026
8265759
9569726
4366029
8461468
7640205
-7290350
-7467814
-5403424
6574992
-8238890
-9063796
-8464021
-7600572
-1713239
5540585
-5678671
5933804
-4471563
-5365143
-9784268
-5261329
-7947678
7243609
-1502521
4742105
5978039
9343821
-9060424
-7944252
3672418
-960689
3362216
2224245
1616276
-7503567
7459620
-7948189
9715179
-7427805
7579496
2094881
-4584657
-4361967
7492314
-2088750
7866164
4819290
8198833
-9399591
3984234
-6086913
-1327951
-8549412
-944082
3230993
7469548
5736885
4229247
-8678737
-9678040
9442332
-8962937
-3981031
-7573541
-9464676
-4071902
-2269453
-185117
-9137791
-1813326
-351953
846405
4624653
-3005752
-7420737
5594911
-2531124
1504343
373130
4265485
5610235
-7304773
3447539
-8233540
4215831
8713343
6165657
3706728
-4342961
6043555
-731033
9285723
-4392892
9307145
1441785
689744
8360436
-1095375
-9242014
6773606
-8822313
-1615088
-1820838
1134945
-7146951
-5046167
-6602787
9978561
8120843
-3712861
9885071
-6106385
1172894
5988018
-4289271
-6402241
-1361321
14647
-2439678
-1756986
-2385366
945432
3773468
-8380543
667332
-3098325
7295831
8828271
-349263
-2649611
6391398
-4985433
487470
-5823541
-578340
-660840
4530987
9419895
8975974
5046505
-8654178
3131398
-4907107
9929166
-5869220
-4163222
-5739388
-6183777
6708196
4918794
-6535352
-9730590
-1020259
1796653
-7644860
-7191807
-9557644
-4874025
334318
-4976635
42915
3114474
-3298303
-5860857
-5825712
2100549
-4667468
-3847908
9474251
3710298
5819856
-6278138
9035529
5125757
-8086146
-1182784
-8883422
-798294
6603319
-4726842
-7697320
-9589971
9568634
7953961
-2736847
-2988399
1451936
-6114079
3899058
8860162
-9448669
-3360895
551548
-5176082
4897674
-9462528
9844192
-7635779
-400629
7851580
-4462042
8518799
-7374054
1713042
3457855
-6278180
-9579964
3094935
8069891
-628844
-4776409
5131885
-1376798
-1701648
5664672
1930482
9589524
-2840157
3513280
5446297
-7464621
-9116008
1392574
-7669466
7510585
-6202117
-3912579
-3166960
8190068
-4505171
-5060262
-5682971
1890136
-9934474
3696989
5110229
-476579
-5481454
-4301658
-8193920
-3934544
3360281
-5672464
-5375356
-2625954
9718558
933868
-8556204
-6821118
2128085
-956004
7679359
-6845697
-8173020
1402005
5346841
-2383294
5677463
-2991890
4126588
-1808065
2659192
7583007
1705922
7263108
-7889130
7750800
-9422532
-7761424
1220933
-5660957
8424563
4324386
-9748499
4490242
-1787257
-1235648
-64812
-7291761
-9005758
-28291
1166107
5148618
-7778197
7820531
5479226
8094584
-2270603
-6655822
3000690
-9324345
1082576
5555898
-6519907
-8714466
-8166239
-5301768
789104
179793
-7431810
8789005
9159462
-2522586
-3872837
-3640374
-6449060
7925699
-8055504
-9647567
-9811746
-9222522
-9759176
-6534538
3810148
7348249
6867208
-8312913
-2176882
302125
4110144
-6779131
3311062
-7566015
-9031031
-3395477
8836976
-3904853
7896559
-653273
-1397465
7160738
923074
3856323
2055084
8740776
-1682488
1307375
7486609
1825747
-5225598
6691205
-2754105
613990
-599085
-5841089
-3076878
-265311
961643
5668940
7376989
-9989977
-6278651
2438320
9854697
9807199
-9876305
9714196
5114116
-1177658
8103495
-4948191
-9445298
175414
6923236
4122614
9826915
5464798
-664266
-9887762
-7420976
6261059
4330056
-5655807
4862872
-4097710
8474340
-8949644
-3117831
9877981
5416467
3487704
8340354
251559
9162116
9647963
3653239
6079419
2635037
6816606
5133112
7034124
8372281
-177384
-407013
-9604380
-2705523
-6806688
-6100989
-2118956
-3866801
-1342142
7199134
6719627
9624628
5698191
6290385
8080641
-9329643
9894314
-6579670
-52338
1165982
-6749060
8517944
-5855469
-7863263
8164914
6189728
-6623360
5396350
6349408
2805666
-5761663
3678772
-2435245
310670
6896668
9548642
-3347787
-4032457
-2189952
5446376
6300172
-987746
1565648
-9098175
5046106
-8722790
4307725
-7261579
336182
-3966630
2378829
-9778020
-8753716
-1890571
-7811705
-3914203
-3014122
5162113
7458557
4101663
-5716323
-2990687
9478180
9175996
7419454
-1253296
632719
6923006
873694
3685738
1886959
6529066
8942629
-9990958
3435761
1751003
-9762026
-1630548
1828173
-699966
1532080
2479340
2627774
-5580824
7754671
4813370
-6534904
-6651884
-7633880
2446588
7499338
8447064
-8940371
-7907960
5268740
1842164
-404889
6719941
4668713
-948718
-1588979
-214312
-6906690
-7505595
-5456212
1370027
6531960
4309380
-5155527
-8533413
2207233
-4063694
8575311
4852061
-4235541
-9286536
-5975345
-7655534
-3047008
1574284
-5227452
-3041349
-9306724
2576661
-3658042
5274705
2713448
4713165
-8626972
-2274864
-531092
-8751559
5721194
8650915
3242425
8769955
-514735
-9235430
-8806040
-273740
-858827
-9715124
4446746
1942518
-7612841
8110623
-2430481
2787693
-3490499
-1803847
7342318
-2238298
-3328910
7432950
-776600
3590074
1483415
-5145396
6089896
-683145
7085361
6172787
3404177
5343530
8823166
1320937
7465065
-5662405
-3652954
-4751337
1946948
-8076499
1648764
9728482
8078929
-1955347
2960273
-1556709
-2001395
-6087112
4595626
-7586975
-7061030
1684178
4035485
8745279
4377270
-4878213
9133781
7460497
5957393
-8021672
-5777498
1198341
-1825565
-6026988
-1010774
-8914761
1284095
2163601
-1590497
385587
-7069965
-1412065
-3120732
6651437
9076997
1619705
-8957450
-9080546
-5034472
3026355
-3340019
-9422477
6906227
9559876
9697485
616883
9135440
8042792
1400166
-9644006
-1938635
1804853
-9764111
-2560085
-540141
4978981
3570148
7145117
7635628
8435449
4286302
-4504742
-7095986
5090381
-3740126
-5017348
8462479
7969578
4367734
-3082343
-5328144
3182973
7829607
6912819
1527595
850004
-1147161
-7962629
-6128496
4653699
225475
-7123912
22272
260284
8043590
-9820199
-462254
6638884
8923134
-179907
-4674379
6797045
-94313
1332662
-1718737
6306206
6069247
-4372803
-4278666
6690016
861716
-5574148
-5227442
640797
5443395
5756055
-3380333
4524833
9356798
6824150
-1793780
5832480
-1509316
7440820
5879851
-4355067
-9446862
6878324
-8099206
7968109
7646544
6587826
-6422649
2720739
8254825
4525384
-6213290
-7837281
1003500
5681516
-7432065
4983312
-1623268
-972202
-2055340
9706270
5460375
-9983247
8755377
9458101
5385977
5241694
-6623418
341610
-7472271
1671175
8591761
9517939
-8525971
872070
-1474610
8833956
-5306525
-4745714
-4486678
6703711
2992554
-9755439
-5041361
-4189196
-8937721
3999547
1523342
9843995
-4998238
6797574
-5274283
-1045725
-4319971
1016761
7741602
-7978638
-7529576
3879990
-5429363
4171447
-6564396
1263224
-304923
9631399
-4702082
2547516
-4807352
1697321
-6034822
-8321449
-3475342
-8748370
-9747961
7896553
1367001
7472663
4883284
4613336
-2381981
-2219499
-5478617
6551682
7870542
6234578
-7364582
-1741094
-2780473
-6964294
6809803
-491965
-2475191
3431479
-3549424
3452563
9398048
-9167289
-5991016
-3806258
-4292286
5691165
5700073
-4972164
-1154777
8499182
7517135
82339
-6273589
6042456
-5116679
2235519
8401887
8556665
-3607021
6012421
-4146324
877091
-456527
9517584
5005817
5090110
-8556422
125071
-5508300
-2541371
7449665
4055309
-1815133
-1683403
3328780
8590689
9177900
-8908223
5532484
1741135
-1658984
9241414
2409573
-6123558
-8502937
-9483083
4176149
937721
-6035515
-3700036
6990666
-7137523
1440144
-9420874
2677755
8524336
-5283677
9104563
1638601
1777760
9407754
-3597797
-7408566
-2310410
6995115
-9375698
4771224
-4654117
-1341073
-9297233
-7026950
1094156
-9786403
-3611745
8653256
2868496
546320
-5197994
3848335
-3118727
-6221099
9769281
-3197760
9382183
-4772241
-2033546
-5655482
-5738357
9497962
-7911206
9509494
7492376
-5070876
-4994313
-6891017
-3165074
-5214641
-7457103
-8619073
-4380538
6402432
7391672
9534157
-4990835
5615424
-6822004
2952284
-335349
-9243218
-5582599
7247581
-8307496
5549438
-7238739
4999944
-1236750
-1475823
8704898
-9006975
5892578
2098885
1465874
-2018192
-1640229
-7800184
3584509
-6962376
8717422
-4069946
2084195
-7844780
1117343
7855447
6777574
-6880615
-1927484
-7126919
-6960573
-8105241
242546
-4642427
-1207779
9717781
6026269
4874239
355684
1931495
3437158
9421830
-5944817
375046
4651823
6819523
8547244
7429396
-8181760
27735
-4210338
-7527008
7441257
-4898404
269574
-9258871
7312048
-4638750
-4168945
-7112728
-7786299
7975471
1487513
914042
-7234264
-7885898
-8462518
3741100
-7793968
-3523995
6230134
-412262
903136
-7711141
-2914537
5236252
-9679640
8608164
-7395462
-6100752
8932519
4005074
-5996911
5680167
1036353
9981611
-5832452
7493481
-5941789
8994314
-2515852
4716415
3490742
-3956522
3556116
6531227
3493879
4421208
7703048
7806272
-5643741
6508970
-6585643
767322
-2700019
-5109138
-4112363
8889683
-2023354
-7581261
-9903418
6375585
-3084741
9976216
7236493
50577
9754790
111016
-424369
-8415099
-5487828
6697616
8632931
601080
-7919572
8072769
2711324
-1986811
9818116
-6878802
6943032
5395308
-1847607
5582870
4147572
-9852934
5160415
-6906829
-7444862
9537684
-2205112
7306428
-591594
6238578
693525
2844034
1993785
-2338839
6570949
-9020386
-6306783
8255526
-5000649
8527293
-300334
-7622607
-9874921
5986915
-326115
1158714
-9162453
-1850824
-8076784
-3457397
-2686777
5068071
9984620
3498687
669569
6330438
9097079
-4835330
1284250
9774790
-1646381
-7594263
-6727745
3088287
-8927769
-9149073
9234253
6877817
-5043042
-9450798
-3611347
-1582933
-6536582
-5535480
-1626411
-2159381
-3800982
9607188
-6668427
9606708
-862114
-8506690
-8847514
-9956253
-8596130
-1538325
6751904
6991127
3764637
-9955086
7253942
614754
4411356
3050240
5980556
7367232
-648603
5399533
5236520
-7069891
1877997
-3610423
-2252123
-5026851
-9371518
6251285
6926778
-923778
-9925503
4684005
5868897
-694882
1730396
2892109
1562424
-7193728
7033664
-6638673
-9567976
4501468
9405317
2124019
-2776325
-9457662
-956286
-4085521
8832419
1261254
-5324226
-2884699
8101267
-2993412
5846568
-8206653
4968124
2307981
-3421563
-7607694
3904671
1238798
1315706
-3202003
8745342
-4302840
-1428994
7341604
-5014342
-6680251
3786053
-2510783
3266699
-6339945
5461813
-3516666
-9725266
-3933086
1681404
6477133
-7474569
1340002
-7639459
-7618625
-1738077
598318
8906727
-7108202
7536489
-4293186
235987
-2201542
4616437
-4823454
-1346956
-4355909
-9936795
9437780
-1187148
-9244171
3417261
2985342
6510499
-445921
477780
-8221742
-1538250
-4828885
2522176
823594
6127315
5468544
951533
4828680
6068824
76084
2892955
5681469
-2038935
-9778181
-9370640
1807829
-6604538
-708025
175472
-5463476
-3391570
7980248
3754514
-7119286
9474515
1794893
-389717
9378226
986698
8587320
-963790
5257167
-801200
-4545408
-5505262
3106383
-4194776
-7037072
-3193634
-6562010
1642980
2243026
-857003
-3386509
4818595
-2442723
-578473
9779323
993951
4025999
-9344736
-9098707
7158606
452404
6695663
-3944031
-4447245
-7153273
5601456
-5312587
-3190091
240190
1233699
-643047
3989822
-21409
1815730
6482653
5481260
-9525454
4352002
184064
-544696
1446303
-656325
7998356
-9996320
7278433
470980
6593200
6536443
4314929
-1332513
2064265
6578330
-7077213
4128425
-3352484
-2093928
-1696029
9394194
-2220623
-4420877
8958255
-8334470
4680742
8760809
7765237
522448
-2551523
-9954101
5942570
9584047
4195728
-9992335
-4720182
2434419
-2245679
782003
-5691067
-1401302
-7287989
5055875
1812232
4441976
-1654392
1907614
1382661
6531795
-4233311
9180357
7081325
-9605599
8753901
-5614802
-2593954
-7692957
-5194589
-8267930
5629392
1970421
2744041
-7839168
-6486797
843143
9707582
135141
2842799
-5120537
7074551
8351639
-2661668
-3944299
-3978193
-2397172
-1375792
-8375654
-2954767
1813657
-4642453
324945
5440308
-4466861
-941138
1698840
-746288
-8091675
-778976
-3894194
-8283763
-6073533
-5357664
-131584
-7960103
-3689
-5507373
5766680
-136196
-7250193
6157882
-5885441
-2885224
-5246061
-1174828
-2985978
7568663
6360459
-6621851
2318369
-4401030
-1136932
-9610864
-2533519
-6725474
-106328
-5015128
6214701
287507
5089119
4583720
-7775732
6421946
-2049248
1796098
-6545598
2683602
6005241
-2967510
-8210902
-3423013
9032363
414063
-8214051
-9798939
3059734
752340
-4975274
-6238522
-7611615
-9525815
-947869
-2310088
5250352
2964448
9320787
4314274
6030871
-1995268
-3458509
-7721194
2452802
3128348
4911331
-2709070
8074531
-5087093
4571636
-8731749
8671262
7866013
-7298136
623827
9106558
-8794396
-9671263
-6594992
3768840
-953213
-3020401
4809102
6951049
2376223
3392700
-2915122
-5866656
-2856284
-9873508
-2574908
4881726
-7979264
3220677
2698717
3990051
-1473068
6515198
-2575940
1276081
-1767896
985906
3683281
-1781871
7083379
-2789716
3649903
7001698
-9529505
7220671
-4836961
8556916
-5504341
-78201
7047387
2900709
2781881
3140798
2074665
-7247913
3295666
-7471268
-6787279
8039553
7173024
-1320470
678514
-1653349
-8042459
8359235
9243669
9994538
-3610850
3011601
-4537470
-4321575
7934579
-1425444
-2091346
-5562155
3707919
-9716794
-2069181
6953598
-5057858
9550326
-7723005
-693245
9738788
-4294595
1959868
-3680153
4211144
4099949
-2091521
-9731636
5018063
-9073618
-352038
-1018965
-9164638
8198797
7353559
5400465
5960083
2118286
7191074
9698208
3055006
-9365741
9063756
-9787124
9361680
791590
2569233
3531318
-5658661
7392516
-2774272
-9831491
7790508
3903674
8388941
81298
-5993209
1427550
4096506
3613555
-2024385
-9075491
-3103823
-6973386
-950985
-315653
4020890
-640283
479011
2074403
-5314530
-4381560
6920102
1259764
29633
6383823
-9430188
-7491091
1078128
-3474596
-358344
4929987
-941092
-2114514
1419083
4161994
-1299546
-7822931
744903
-147754
-7984713
-2752893
-9465163
-3632766
-1429635
-6282352
-9109801
-1281240
3030677
-229339
-5278780
5913367
9286617
-4052384
9945942
-4973388
663305
-4043191
1165256
-5238010
4322572
4540794
840
4699917
-3719122
-4336368
4029271
2730473
-1861464
5024910
9589853
7655323
2014680
2850960
-1323712
4845812
6807179
-5462639
8847882
9196438
-1713851
6251942
-3299773
1249077
477347
123637
-9856152
-6293992
2220755
8455412
-511063
4620650
2036489
1389181
-6701883
1613912
-4513942
2762505
2638721
6986078
162167
4745644
-7443138
-5460100
-5393934
-1087566
-906983
-1957721
-4258864
5626078
3628499
-4592228
6882323
-8511415
-7220802
2572824
6729048
-5664053
-2585830
9086113
7205613
-615526
-7437198
104837
5893082
-8732610
-2628163
-4204712
-5597392
4009278
6822484
5219793
-3069078
5142214
-387422
7449802
3727263
-3741602
-7513233
-3236465
6095983
4838546
-4379850
-1296148
-5392831
1164233
-1034331
1264611
8065159
-5497417
2448134
7110683
8721503
-5728806
-961399
5077553
5466575
821966
727518
-4790339
1015646
-3767289
5327453
-229583
-5839148
-1121450
-736822
-1516872
-5673588
3720184
-1054376
-6505681
-6146842
8065237
-8199649
712214
-2650182
8845394
3162486
7114441
5544196
2945405
9451903
-1008689
-9880590
-1510285
9724023
7242325
3517984
-3526888
8801698
3386366
-3171635
3770944
9920783
-5527597
-2126290
7024290
-7150683
9102487
1994522
-8384181
-9676191
-2482998
-1363531
9032598
-3446736
-8738487
-8535092
6931542
3651104
2129065
-5212674
-903038
945969
6977351
5422153
-9606674
-1358150
-2977776
165808
-4460663
2135231
3989387
-3698972
-2123716
-6537323
1456628
-9188541
-3125320
-4072764
8877025
6245120
-7041843
9132847
8659402
6289498
5498450
-6627544
-9049438
4671980
-9160577
4390308
4070939
-4259739
-4431759
-8718484
2780903
-4977264
-8090085
-8339181
8162561
-896197
4124861
6859987
2856785
9159831
1572768
8822769
-6958125
3810294
9975853
-378343
-7870963
257397
-9495615
8157248
3965567
-8972337
-6688185
-1270377
-9750193
3979001
4643432
-1236431
-5999281
-369106
-6436265
6857246
-3412635
1424843
-8183902
-590512
9239850
1840697
7661924
8693050
7738734
8236969
7279696
7913495
-6440849
5238672
-2049859
3300461
573985
-3760604
6312258
7273391
-5422002
-1582885
8172317
8263166
-1242440
-8960546
7378435
6826848
-4958140
-5489749
-9384862
7657140
-523631
6168744
5447920
-2646545
-4619569
4549021
857462
-5661959
-8313850
8664138
4965932
-7731065
-8576015
-6812715
-1302028
-1523198
550130
2754996
6716593
-3385708
2097942
-2994715
5845148
4302770
-9757590
-9909790
-4300139
-5464465
712844
-3005134
-9106928
-9845147
8063826
3025690
1835882
-2683448
5741009
-8950311
8861537
-6104493
6108621
-8255919
-8595885
4169996
6576244
-6839715
-1649178
-6436234
2543589
566964
-124285
5187029
1288888
-7994944
6675624
8771534
-1022522
-8635189
3903643
-6654480
-8455862
-4403578
2805129
-1165731
6875304
3233111
-4827555
875262
5211206
5549262
9818602
1131600
-8238286
-815109
-3846687
-5735835
6065907
-6478520
-2086920
415287
1401712
-986025
7781009
1404305
8056033
-1383536
1444581
-5715496
-3622652
-4701859
-5996441
2864821
5609232
9912241
8112397
-8405566
-6112284
5090478
-380919
4595573
633573
3069092
-1863822
9458967
-4683520
481148
3583625
7374131
9615232
7248551
359668
-2508647
9788351
5154714
-4968669
3780620
-9512304
9966595
4589969
1060411
2644383
8130171
9205821
-7789617
1598029
9825355
-6222003
3415136
747616
-7775445
-9461469
7484635
-6016070
7533988
-7801095
317639
7513746
616138
-7438202
2350828
-799529
-3171518
7900799
-8174970
-2044599
-2498519
5977902
-1531250
8602368
2578531
3422263
-2015051
8005384
-3368476
9778733
-9085263
9335022
3040270
-1209585
7408154
-2350545
-9145985
-5766027
-1288525
4554476
-4100881
-8128792
4405224
-9021446
-7723400
9726050
-2737014
-8406514
-46192
-5830753
664115
2673140
1232232
-2681321
4556595
6005473
3338645
6473331
-7582556
-4053758
579215
-6334701
-5925625
-9718790
-5358282
5805308
-8571307
-2840808
6868036
836179
-2709307
-8813743
2419671
-2191668
2728731
1058007
9131611
4181489
6587958
-7631023
7240394
5154134
-9031521
-4667183
7005808
-8129726
-5276502
4648547
-8323688
9239678
-9098013
-3979136
-2802713
-5198149
-3954102
9537688
-3161950
5728203
9091963
-3990236
9745063
-669071
-4383311
7827578
4366664
-5399324
9276609
-1922414
-6275813
2764578
-1963931
7081710
-3978437
-3771282
626371
-7552492
-433527
-8468959
8101997
-8861948
3682111
-5503368
6314129
905047
-4413625
-9814619
-8193137
2660120
-2325276
1143783
-2572214
-2846025
-5023064
7370037
3050570
-771098
7560642
3218695
-3147155
214715
8135029
4752501
3882895
-8933692
9676314
-6368575
7278577
-8183919
8288345
-9172442
-9916981
294003
-892823
1088814
4509874
-72745
-8757262
4483927
-3171321
-1070810
-6676329
-3987376
1300676
-5423108
6867579
-4684764
-9425591
6055355
-8100184
-7521453
-7033385
-9411254
9558531
-8372281
1408733
-9838014
5783420
-40987
-3854246
727322
-4988130
4026757
4647943
9460593
835773
-7713344
-2090743
-300562
-3297729
-7716630
4736635
2491418
1350802
-3449770
3952812
2767219
-4660980
-2440245
-2062067
4661802
-2309397
3538300
6475273
8984690
-1986871
5232112
9832250
-6885268
7259328
7588255
-8881476
-4959115
5000341
-5869822
1564852
-2485837
-5050006
-3725745
-4720699
-6053650
8199469
-2067938
-2593695
1600463
3491213
6025271
4857837
8044832
6642446
259967
6635445
-2327043
-6991967
5978030
-2690335
557591
-1421198
-3866472
992421
-6236455
-6736361
-7929579
9145547
-1919157
1101692
-7954131
2292964
3313936
3268082
2588577
7959979
6264224
6673849
7120957
-6436803
4717258
-2071780
4073340
9154484
5872492
6189192
6801583
1374382
5028372
-4254957
-1177793
-621510
-8166607
8415083
-4743837
-90162
-2442369
5770255
-5502050
-5770413
-7018693
-7015837
4797874
2714233
3689334
4515008
-1111476
-3259663
3821774
119279
-5981001
1210482
2807388
9177192
-222757
-9725406
1292272
5184559
-7865764
125310
-4435694
-1633156
8885619
4375972
-9800747
-8430008
-277978
6022193
-1157511
-5900557
909671
6268731
-2271906
7402819
-882973
-3646570
132940
691294
-1722965
7605310
3725118
1436009
5308642
-6094169
899668
6568494
-9791494
-2195311
-9233253
-8065686
3139979
2751501
-3461194
-4969792
6522832
-7921236
5690783
-6735921
7056297
4738340
-7311915
7093594
-5754123
-657796
4163898
9918428
4416012
686430
-6670483
-3926938
-1144689
-1065119
695628
-2825308
-2218920
2775505
-1868540
3801236
-3553308
8342095
-5988150
9022075
1166457
5838940
-4635454
4843592
-8690970
5100166
-2603841
1773080
-7132939
6033748
8027857
-416435
6522701
5340733
-5157569
-8013387
8015021
-9493753
-9620924
-7250630
-6421235
-8046712
-5265800
685778
-4759661
-9792498
4250504
-7889693
3775660
2791281
363514
1754455
-2578885
-449447
3435222
9158324
8227764
3930050
3994959
-7966543
-6545041
-4859334
-7240748
7915948
6552332
-828041
4242827
9930892
6528073
-7751498
-4240533
8791896
3496203
6480539
-8277908
8914453
-707468
-2867521
7456005
7723653
-95645
8235616
9116043
-2858102
-5541433
6988087
-5189967
-1090040
-8477773
-6393402
-2618634
5818582
6940999
-878489
-7478147
9542142
5210287
-6432163
-767015
9911530
-2446859
-2547276
5253812
-6371050
3275680
2317724
-7248532
-3353410
1484425
-9087030
7903127
940354
3277269
4813235
3428692
-7844243
248357
2436207
-4251948
-2656442
-601088
2040885
-6805166
-3161744
4398629
9541890
-8624081
-5439650
5991625
-4921258
-5887426
-5598708
7377192
-1776372
4067037
-8076640
-5736089
7633196
-2477131
-5095036
-8499284
-1263513
-6934686
1590329
-9913736
-4347503
-1427885
-5288046
1229631
7853420
-3725693
-4277090
-914022
-6640625
-5045453
-9022615
2144998
568052
1776785
-2729668
-1092168
-7110416
7997652
-9449592
-5905036
1988611
9012509
-196137
-4554254
-1985728
740883
-3702143
6442435
3564164
2771986
-2849021
673007
9807840
9984057
5294519
9197500
9843058
1843119
-900789
8657954
-2200240
5020671
-3227864
655517
-9698556
-86082
-3564959
-9529207
-2097482
-1417050
-5390790
-7879444
5689845
-3729486
-8315789
6327441
-1360122
-1975699
3702493
7662440
2225186
-4711558
-7334930
8657283
1985205
3652546
-4902137
-7483447
9324827
-9727902
7543902
-9889788
-1374593
-5023084
1122807
518669
-8544526
-8881771
2483733
8362836
-4298040
-2299952
-3131948
5727421
-3502588
-2117037
4290262
1665035
-432238
-939290
4216576
-1788773
7966398
-4515059
2078144
4089990
7177392
9631918
192740
-5740067
1606814
-7563093
6516622
1110948
14855
326070
5144048
-6393280
-4462107
-3323700
-7615290
9411471
-422241
1210942
7384822
-5614364
7315063
1981755
6609209
6763554
800938
6194321
-738649
1611336
-9236428
9383049
3354845
9556533
4346128
4596302
-8601590
-2162636
-8347677
1673806
7328390
7641249
9478781
4749199
6220388
-3456851
-9559106
-9171314
3995415
3799046
-5482904
-5925139
9759711
-7251458
6662839
6508418
-8653898
9769112
5943425
8935479
-1238602
-727150
-1612974
451220
-2200603
-2928163
6817052
4098873
-1605422
-751335
-182714
2639164
-128407
-3813459
-1023027
2477475
-6073247
5257852
-2173905
-5186998
2317284
-489064
6191824
3049435
7117844
-8638697
-1124075
-9766105
-9279933
9090127
4594970
1911276
-7603265
224520
1390881
-6456185
-8141335
1462980
-8453321
1476845
8695598
7811411
5224445
-2099166
8888869
1580383
-5857441
1997490
-9150872
888733
-8096543
-4299937
8965671
4772439
-5974481
-9670155
-6403868
8551375
6593973
-9546545
9433876
-5428055
-3264135
-8384881
3348105
-6082060
-8785280
6365128
-6256069
5679118
7878902
-8280542
8570057
-470142
-6197955
8253489
-5516533
-6702102
-2414710
8834819
6837868
4227879
2819500
-5147624
1580442
-2668962
-6260824
-9932663
-4686573
3910907
8207765
-2628904
3409344
9940926
-675659
3856727
4487058
5500194
3960118
-5777902
-8305965
3451581
-2774958
-3600427
-3458161
-1398222
8517699
6558494
-741433
-9319167
6903904
-4186738
7551135
1098309
-2803811
-3561599
4333468
8754919
-9714921
5862632
5535953
7124203
8698851
-7218826
-9646722
-8608899
-9041250
-820120
6389775
-6688391
6817775
7755057
-8929503
3113674
55589
-3949962
7302817
-7848351
-4533142
-6642098
772049
9483133
4520706
892302
-3836925
-6932467
-3752060
-2755145
-9702404
-2389986
-617807
-707574
1685360
-7526830
9202346
72406
1284328
5568671
3746735
6467376
-1539462
6815787
360323
5815453
-6577913
-4247897
3816471
-1233827
-6667014
-4789820
3038465
9645071
6629601
-4271306
-428919
828805
6930133
9772161
-1787335
7999757
2604619
4416506
1793648
5861741
-9543210
-8336140
1885652
9007455
9880082
-9896764
7426822
-6421428
-6294031
-6208172
-926614
1648360
-79968
2088754
2523177
-1777507
-7460448
8794913
2702785
5954396
2585659
187207
53644
-4122986
3554499
4443777
8528821
4173143
-285656
-6038097
4114730
5533141
7316163
-2542764
-7569559
2962548
409976
8003734
3268304
-6235984
-2701681
-3915886
-3428732
-6170158
-666896
5552539
-213979
5146425
2681804
5862625
3708866
5111733
-9646864
8522870
7598308
-9950005
-9675318
1099109
194214
1114268
8912214
6181744
-1248292
-6751400
-7842735
7812240
-1009310
-4583240
-1566910
-5875095
6417461
-2432498
-2357286
-6457097
-7006349
-8460026
-8015687
1040808
8786593
-3801863
-8850347
9763785
6281584
8773998
-3993792
4431152
5650516
-1076404
-79711
-7466463
7318952
-6039342
-9452116
6203290
2460104
7552289
-4064245
5337117
1715268
4324411
4291036
-3981833
-9239690
3834128
-2772821
2952286
-6560638
9770502
-9241766
-7984410
-6306076
-8861395
-6978425
8114613
-9728661
7750853
-6402468
9159325
4088460
2168942
-8309208
3222573
-3602156
7600696
5322406
1384298
-6368453
5528760
2615632
4863379
5072167
277071
-5748541
-442628
-3768161
-4159040
-6867863
-6328284
7054754
9443620
-9770016
-825974
3158820
3682930
1914712
-5152341
9646608
-3376432
-4358802
4059758
8979083
1796777
-8735946
2577401
-2409404
3981727
-4439900
4372448
-4140281
3217342
8476684
5706780
-3976758
103674
3827406
5575337
4939114
-7399881
7384676
4349878
-7281177
-5126182
-1623986
9708089
5844134
6782376
-5817290
-6679556
3648017
8025889
9336926
-4962733
-6880775
1325033
9843359
2272060
3134153
9121623
-9414784
-6793137
2741434
-2223539
9932454
-5275826
4765904
-3728569
9568724
-1025042
-5258779
-4942170
7927669
-9253619
-968573
-4702243
-5673430
5270210
6036438
6461042
-1645577
799381
-9445395
-4644674
3348044
2247213
9170604
-6633521
647210
8707964
-450507
7559901
-1937051
-9527183
6936510
1998721
9851331
-2645201
463593
-938973
-8645207
-9967052
-7509079
-9866449
-3108774
378986
2556688
5210325
-2407012
-7155446
8867067
-6617166
-834175
-972655
-6549917
9707054
3286867
-1727065
4447764
-2983249
7711529
8215615
7546834
3456655
165526
5745531
5163802
-1426558
2447283
3499518
3143746
-7312241
-8960462
-5648049
9796824
-2930829
-9451981
-7051246
-8666398
-3399718
2256861
-7460853
-9104041
-3982276
6505258
-143606
-2754534
-5683700
7023263
289309
-3426086
-5667925
-9320745
4791401
5871666
8687960
7125034
8888819
-9891180
-6444806
5149564
-6246259
5026260
8876650
2356091
3344676
-4434589
-1903655
-4127038
-9094002
368241
-361976
1119314
5490430
-2647741
-1382178
2466587
9388746
-5829495
-883962
-8608456
384214
205334
2311994
1839145
6534099
1842146
6747117
7437255
4611819
9176708
5326546
8876507
3307106
-3480869
-8455173
685375
202415
-8709403
2702955
-6952411
334710
-3217130
-2712994
7509400
5302420
-5535531
-735025
391027
3465915
-947070
-8887661
6690387
-9954105
-9632638
5549913
7755
354938
-380166
-2556247
-3984854
3216292
9318871
2502223
-6892040
-7490911
-9774536
176311
4240572
4551805
1649828
-2959519
9962811
2105261
2737049
-4551497
3720891
-6330940
-3532636
-1912336
461999
-9349685
-1106659
-2611641
-6077568
-7010056
-7380541
9541787
9771689
-818320
8956719
2156677
-9516094
-5068807
-8860611
-408668
3623336
-3353242
1431386
5909035
1725615
2645995
-7061728
-4618427
7462376
8939929
-1700955
-4263410
2516645
-2855891
-9269682
6057177
-9866817
69067
2984726
7065703
-6448201
2992338
-2294251
-2368813
-2600829
-1901987
-6620624
7892250
6597516
3377940
3811767
1984011
1757721
7656927
-5789014
6454426
-6065514
-530675
6499463
-8642968
-1526626
-9848807
4440052
7850638
6442419
5590958
271527
-455281
-5153153
463185
-7813837
-3052992
7015740
-4899064
-9237678
-1839085
881980
-5171331
3917805
4684619
-6779485
5981756
8624656
-6431976
-3318318
9321315
-1694397
4679244
-2579416
-7970884
5991816
-5835789
-1759921
9364018
3556448
-7435880
-6972339
-3356271
3723119
-916063
-7701993
2058974
9967569
9552303
6740365
-5550006
-8040161
2045535
9548368
-7309885
-8395024
4047754
-3180312
1331229
7486728
3199600
106677
-7787886
5221668
-4666390
7655978
8424362
5400467
-582580
2887907
-7945733
-1270499
7440967
9456234
3850094
-3396150
-6337273
-4400281
-6430728
-4264301
-1327700
-7293361
-8669712
643285
370994
-8224472
-3238834
8913004
-3295843
-7807954
500943
-8173772
-9934520
5764656
-5612570
-8914196
-3861917
-2786371
3590036
9317007
6942119
-7091217
-3923784
9987313
1848876
3376129
1685451
3966416
1113521
6396601
9452989
2847484
8414813
-3227446
9164148
5988692
-3283289
7438537
8262560
-777754
-2203700
5943124
5224426
-7700629
8133568
-6107080
9644013
-1747489
-479266
-6974744
7573861
-8887109
4508290
9962713
6671726
-1749293
-8101332
-3901947
-4550335
-1652268
-1734159
5868357
-327204
-9482017
7589980
-7868006
5353452
9914063
-8201428
6044970
-3040747
-1171449
-8461829
9474879
4940515
9960706
-5079349
120898
2477830
7816500
-4090050
-2953367
9121081
-9629001
160706
6484240
336814
6160821
-1249442
7414909
-8501105
-2899824
-1602209
-736540
8423201
-6516956
5041657
8099485
3210869
-2071149
-1891614
2536492
1308075
2485081
-9665171
-1647380
-6858044
-7918629
7856401
-8663111
-7124229
4316730
6630592
7720787
9680313
5994400
1237066
-4008277
-3997729
1731901
-8495570
-950639
-8029402
757472
-4871371
3371083
-5476125
-8706765
-1180889
-4626801
-8972577
9319307
7482779
6462571
-3669645
8527475
4541846
-3465218
4876780
-2273689
2799499
3001864
-4858796
-9311650
7498781
4827359
-1521430
5749223
-4262528
-2775472
-2690193
9384032
-3765874
3356184
-9142710
1756603
-7198113
9301539
3138345
1110909
-2304658
-7994374
-2996534
640717
-4505143
5410314
-1146886
-2565750
5616442
6226985
2732419
-2444341
-5748865
5501216
6486104
-8637069
-2043812
-5278142
3187
6590785
-7504017
8427789
-1796419
1565256
-341282
5367233
3620959
-756985
1529044
3649382
-413178
641818
2402935
-6860150
-6804032
-845898
-562792
-7690449
2524926
-1268277
-8427021
6191932
1160152
8489129
-9866910
-8759016
4801056
-6193494
-8691127
3902812
3206951
-2401056
-7705861
7085975
6567496
8896546
-9677296
3624023
-9404095
-5894161
-577476
3327028
2415903
-7339825
-9767056
310412
4956493
78372
2576129
2334238
2976130
-1182027
1352713
-7391019
-6369269
2482750
-683260
3781450
8982978
-3063775
5859947
4536312
-1705946
-1997094
2839020
3360596
-3000912
-1016082
-9075970
18684
-5569526
-1298192
3427020
2756494
1041951
2720570
3558842
-1468549
4969422
-8896388
256203
-9200800
9317724
-2956803
-5691336
-1970675
-2101636
7159199
-6944743
-7418472
-3119664
9760529
8012771
3643183
-2428238
9475219
-7187707
4345927
-1921168
-1283801
3167164
-6173184
5026494
-3172404
-8128058
-3049865
-7888551
-2790356
1164435
8554144
8482443
-1517475
-6174708
-8492908
4495563
7346751
-2941745
-7719269
6743193
9050558
2391177
4842760
6610714
2270010
7699089
635790
5440705
-6608326
-3227596
5086188
-2480589
-1968670
-42447
7239808
-8180471
1896861
-3307598
-9452125
7840965
-4391628
9863723
8652874
-6104198
6635955
6166165
-2897068
3669110
6941590
2966379
-87875
-4449415
-9262714
4824885
1683222
-4232478
-9311333
735184
2257334
-9026065
4955226
9331901
-6377161
2671874
3202891
-6255354
-1947418
-4801401
1478337
-2040994
-8908406
-6329546
6901465
1628650
7727167
9002565
6489258
-1347846
-3840280
-3055749
3865569
9154797
-8492569
-6455246
-2973199
9082074
-6055390
-9540199
8793970
8007852
-5118126
-8565174
-8953344
-3443744
-1783015
-9035988
2427787
984416
-8968220
-3742631
-2932577
6499483
-867642
-9329343
-9997998
-3877808
-5730627
1722426
-5764656
486773
1089443
9827984
3229075
-9685988
1755677
-1467182
-4930390
9406071
6240530
5434981
8761866
9375168
5602399
6035033
4663891
2126908
7889274
-2629289
-2980673
8257777
9203301
-253203
-1712156
-7634596
-6151303
-9187283
-2144430
-3909014
1558443
-2398347
-5803120
9370914
3825082
5810102
8110943
-7060568
-6434579
-4617260
-4036150
-5640635
-7030108
223771
3578349
-8058759
-2291406
86682
9223740
7416253
-7221308
-2408696
955672
-8261652
9502505
-9838049
7262290
2815263
-2839589
-4795657
4981987
-4240993
-244438
1452488
8705202
-4467884
5015784
4868950
-2001365
4674100
3949532
9979090
3510415
9962027
-4600949
1636803
-6053784
2158280
871257
-268044
-3287278
-4456337
-8505067
-2869022
6652245
6621362
6474749
-1996625
569366
-7991720
-9032156
-4765117
6103350
176561
8964306
7355701
-8915026
5309362
172764
-2106206
-1606121
-7635715
9130770
430497
-6035455
3383591
7025789
4544619
-2884177
-5292538
-4603392
7493167
-7269434
-6682510
-4133617
-4751901
-1462018
-5181526
9518429
980896
-1722694
5282686
-3397263
-2958024
-6950928
-8892577
6355102
-4070096
-8617686
5355025
-2689208
-4426353
-3065664
2026134
-4362221
-4043820
7631626
8861536
4692467
7183676
-6976139
5014753
-1285038
5653022
1310622
-9331839
-8832172
35772
3309526
-519787
8337481
-6197588
3566706
7116254
6100000
5330425
3886260
-6646946
967247
-9585041
9228669
-7692134
-557307
-2711198
7892857
1267429
1564940
-4499906
4080993
6703537
5574179
40125
-2051044
-6318799
-1115928
-8551337
-2790936
-9958784
-8036296
8663905
8601510
-2597074
1762021
5025748
-8584458
-9769255
-6577012
-3027259
-8368665
9695202
2159804
6496068
-501594
6496586
8528738
4702921
5201212
4086227
5666816
1690524
-867667
2577459
-6962404
5092623
-1043147
875101
-3269025
684938
8138958
6341865
5840703
-33084
-6518222
-8500281
1950326
8627754
-2577331
6805451
3844688
-7367158
3599401
-356217
-2295336
-3132348
415421
5585488
7858404
-7933731
-3226717
7118889
-8328258
3076668
2667969
3473415
-3415705
-9985163
4721969
7759419
-8229069
-7667217
-4736619
-5504256
-7879821
5648643
9054208
3527911
-948769
2926162
-4212432
-119342
5837141
5877659
-5311567
3931091
-1572545
-1781898
886352
-736612
9489713
7302088
-9844592
-7373799
-4673765
-8236381
2383139
3540410
-7710516
3551155
-2718386
3532979
-4421171
-7462898
-5962174
-6262136
-7233477
-5324629
7968859
6651352
3708368
-9165442
5280769
271138
-9671787
6101245
4530023
2817495
2750820
6820101
-2897204
-2637031
-5195467
-1138566
4678237
5777143
4000605
776796
6541707
1759071
4428111
-6060574
-8042556
7676343
5250976
-9404541
-7673673
5408946
3467904
-7753685
-9285182
-4183725
-1077171
2527627
-2854969
9628752
6369022
4117260
-7094683
8113078
8086753
-6258042
-7263004
7014337
9379537
4116516
-1323990
2154673
3365300
-6589164
-3575265
5274337
2117940
-9840890
8663974
5367135
-1067060
2820449
9718091
5586816
-1227585
-1959376
-3965730
-1671825
7697072
9454933
9542369
-2376734
-3773830
-209098
-2432195
-3387076
8888318
-9934193
-3821244
2767531
6457846
8643974
-3964250
7859974
5209380
-3146736
-2751312
3410058
1338300
-4508259
-4866124
5056145
-3513779
-3741292
2635927
9954224
2534474
696522
7338892
-8429107
-57888
2053478
-209369
-7118960
2457404
-4551306
-6997635
6431434
156363
5821742
-1545678
-8419597
8723756
-3989274
2119228
-1095742
-6655448
-507263
-3761008
7641649
-3396584
-4203419
3080057
3096813
671607
-9333008
2481282
1187889
-1859290
5125838
-4710934
-3430276
-5819180
3861412
-4763297
1730426
3849397
3065573
-7537192
2903036
-9352
-4448901
8115744
4640363
8917938
5990845
-6783303
7430392
3955562
7913562
-3441669
9422932
5747828
-4392645
-1012252
-4416779
5568936
-5750806
-1410736
-8036379
-3496971
-9441463
1065296
-1976964
1777826
-5399751
-616794
-602044
6143068
-1320240
-8317669
9387645
-4457852
-3178153
4823355
8717158
4750487
2496930
-3466909
6591434
-3188911
3845738
4340619
-4418765
5558452
5663404
2833568
1848391
2284822
-4506122
-2789335
-7146240
5158064
-7473092
-9135680
625869
9224293
5405729
3269846
1963395
9776389
8013610
-2279103
-3044842
-721685
-3490359
-9513476
-4782492
1903311
-2078923
845990
-8438414
1932729
8248820
-7449534
-9412321
-7693571
9936437
-7990944
-5091718
4556870
-1564434
-1447241
823326
-8778936
7717569
-8394875
330762
12422
-6701216
4807415
7292244
7434891
9870269
-6461864
-6147065
6105235
-8032852
4801677
-2090568
-3640757
6382750
5640615
9368673
6286528
-823593
1153298
4439508
-3381112
-8150404
-5625168
8284710
6012709
8134216
7143736
-3271879
8603158
5523659
-5734043
-7862257
-3074977
4521093
4794112
-2977837
-3285484
-2958041
-3220995
5629205
-759203
6245165
-2148008
-7297763
-5475677
-7890184
-1196562
-7305616
-860001
9469495
-557209
6658817
3467012
-8585346
1010242
-9776830
-6488507
2434799
2583312
6235934
-9031760
-2001002
3860274
6857503
-4376120
560495
-8362728
-9505361
-1773190
-599185
-6209134
630541
-2098203
-3504310
1476159
-3381539
5534078
7064124
8382785
-9129829
6676230
-7074221
-7157916
-6254299
6579742
2183723
-4873822
-1946089
3293270
-8204880
2775465
-2252704
4467786
6819876
3083843
9138104
9926769
463493
537703
1060100
-1159108
8649867
3176639
-920950
-5931888
6291095
1336106
7014214
7665239
-2501673
1556230
8172902
-3910218
-5287555
-8416717
5114810
255537
-1824093
-9676484
1764938
4986080
8145316
3694480
-3114803
4185947
4335662
-6741269
9092429
5500146
6322991
4994922
-3814749
1803503
1041017
3693375
-2072049
-8272252
-4063266
-9256183
-8006686
7684666
474862
4803687
-6728751
8983220
8738026
5152755
-4914681
-1167921
1130181
-3612092
-4380932
-2091055
8839671
5372254
-9625046
-4750691
5075140
-2544760
-7552342
9998121
8354710
-4204228
-5489067
-914725
2721031
7981424
3796009
-4696875
-6441281
2867998
1356466
-3039568
9548659
-2159980
-7327424
4775178
5727466
-4217715
8387132
-1977801
2552287
5151867
-3322984
8783444
-4998194
-3134043
7543426
2241815
9458917
-488933
2034061
519547
-3114789
-741313
-9945692
1695288
-1409431
-1587712
4823462
440440
2690846
-8457770
-144562
469379
2673643
8388653
4070805
-9639559
-4033971
6485884
8966815
-2578594
-5432468
8624827
-1330913
-4447678
-5715491
-5919785
-6801432
-8084674
-265656
7615291
6387376
-3914417
4430682
8246626
-6517369
-5399223
-1165005
6463904
-6296349
-8234260
-2591480
7670726
6139291
-1100647
-3015481
-37172
-1844276
9143048
-4948006
9286894
-7930271
-949275
-2732974
-841456
8985913
2198083
1526589
-7790528
-3952525
-9411848
-273987
-665631
-950450
-9226689
-401896
6778722
-5848250
7207743
-4496883
-6339570
6779323
-7825407
-3054437
2533936
-7256705
-110838
8902707
5403126
3388964
2970748
-2932282
-7898309
-3158576
1421335
3323513
9590546
-9874059
63438
4775097
8147815
-7687564
-7069064
7994041
7708981
-7439241
-2101008
-6796581
-4239585
-2623750
7725461
5206012
7535896
-8692092
-5960588
7071843
4725319
722251
-811843
-3709315
3460833
-1450971
-2768138
3982746
3339112
3301096
8241212
-6239026
-2573067
-9814652
-414293
4936305
-1879318
-5074730
-9347389
6796147
-8076811
6461792
3325716
9301607
-2285752
-8630898
-835051
-931894
8759691
-3218241
-149349
6557083
7638823
-9689086
804269
8486568
-1252178
9858992
-5993476
-4991809
-3767386
-8610452
-2684655
8768346
5275433
3344505
4567266
3766040
7746234
4601090
570936
-5690087
-7290092
-6106781
-5648506
1447007
-2140080
6172199
-4831777
-8823410
-4832763
-7626458
-9360567
-1689276
-5401942
8096246
4816284
-322465
2276241
5549820
-8412020
-1050850
8297245
-9774559
8277342
1921446
-8842986
-4192952
-5515765
-1537973
7936483
-8273223
-6607600
4079191
-7934774
-7118713
-5012032
-3550387
-6038716
-8905123
5210184
-7956383
8583870
9726068
6527641
5849729
9357605
2831009
-742145
3932882
-1508565
4923180
9117157
-4040758
-6691087
-9931516
9092661
4573513
3126320
8778357
-9995628
-175261
-8229506
-7293663
5151064
-5942323
-460439
4222763
-3449304
-4699651
4315710
-3748181
-884569
-2730316
9450812
-4205472
-8720117
-6829659
-1822849
-6263092
-2013344
-2015250
-7167978
-971450
-407265
-3294620
6750487
8683655
4607872
-1202598
-7334684
8227407
342472
-2038328
7658232
562888
-1435392
4329698
4432415
8504800
1083372
-889029
1008147
-427274
6914172
7735911
-1942897
2527043
298008
9773421
6502133
468462
8953303
-8383786
-8654684
2301203
945546
7902978
-1884131
6675753
9328029
9880721
-3705090
519784
-1634595
6601710
-6115168
-3544711
-1910111
-4560431
8085675
-4431742
-7920701
-1532560
-4154932
-8274234
-8516218
-5526662
97542
4141427
7494935
-2795012
-9831932
-450440
-2924939
-79842
-2245238
-3379043
3143466
6936889
-1231814
6803518
7590868
379104
-7337846
-8481573
-183136
1957546
2779374
2943244
-8723830
-5769782
6744260
-9469324
313477
-4142811
-1140817
-781954
268382
1633213
-8550454
6177621
-4947418
6338798
-4545879
-1389196
-7741428
-6138943
9887116
5436099
2516288
-2554942
-7125887
-7870082
692030
8683472
9692880
-9243449
7392034
5354369
6096247
-8392779
-1968579
-4450195
3592113
7941608
-5502618
5707657
-4440226
4153245
-8628161
5333161
-8503148
4227043
6560624
2138763
-1670693
6293110
6862740
734078
7405188
5297931
-9021312
-6606336
5058518
3008164
-5385437
-3025141
2544511
9015243
1587436
2994239
-8035564
2828817
5470964
5899599
9862649
1629141
-6395250
757552
2969596
-4571129
1122185
-4725608
9325999
8641769
5612263
-4385919
9657292
8029980
7512361
8723494
-3395803
-274932
5124452
5870781
-5362092
-95103
1636297
9215885
-6683155
-9350575
5977902
-8919798
966821
-6163239
-2783929
-1345718
-6759549
312649
-1227571
2617077
8604680
1502516
3263489
-8160140
1071616
-7874259
9643069
5313491
-6756886
6180735
-405699
9282179
9048413
5070909
-7063573
7474720
2404257
-2758060
3759061
-3646317
2184288
-9890039
-8398584
2832511
7838621
6576352
-1569087
-3419941
6790255
-9530485
-4330980
-3322825
-8602958
399359
-7067694
-4788719
530436
-756930
761394
4371191
1458049
4599242
-8091420
1891231
-1609477
9534357
4803068
1166546
-8036474
-9119243
9457834
-7477918
5234703
9482328
-3541869
1779083
6544646
-4460686
9469252
-3529808
-4973428
-2993675
226218
5594888
-3607631
2007570
-9606053
8063572
9121861
7293613
2744452
-3477729
8246904
9155636
-5051136
-8592258
6205542
430859
8935042
-6322132
-2739823
-4029529
6062344
9270251
-6591771
-9133353
8968792
-5040611
-5950827
7935319
5192595
-4058656
-4083509
1331670
-3245623
-3585576
2467567
-5023083
-9588663
-7131031
-3294050
-5443227
2294672
-5100004
2812683
8887035
7749971
-4708114
7962147
-5397433
6310834
-2222112
-7459687
434608
1334366
9588449
7520248
-5269920
6325188
-6389426
4630589
4898957
5360171
-1708889
6235019
6722165
-5711773
-9229879
-4183503
8047713
1506292
2097985
6122465
-1955003
-6771182
4399328
-8642328
9962192
-359931
1829416
-1994669
-5609583
-789547
-9551754
3400806
-1616491
-7512214
-887509
-371557
5793250
-657217
4980430
9913759
2729223
-5380099
8981367
9325663
7671088
4650363
7567391
-6255225
-5130229
8412129
2618416
-1852793
-2751528
-3392401
-9457411
2201617
3349611
-5562740
-3010414
-3493679
148881
5187861
-6170265
-9126580
6786490
3928572
-8716493
-1165029
1372126
-7755032
853428
6503041
2020144
9885457
2001673
189738
5976083
-2239434
3839462
-3114894
5727724
5582911
-2518960
2135045
4492498
-5434260
-917588
3130977
-846644
8194477
-8291765
4542085
-6058840
9903147
-8083437
-4650663
-7439032
8545858
3031631
-2381159
3302179
-8518405
-2798208
-3580600
-7620023
-1364571
-3645327
1507962
8920435
-1323366
-1508579
5623930
1819908
-2162066
4496740
-8966476
-1132209
-6370056
3688021
1690801
8215917
9234763
-1636718
-8576010
7006296
-2347252
-6204576
-3688159
7840664
6863012
-2796640
-8261774
-4586800
3471219
-6385540
-456449
7041177
-8428627
-8448892
5421202
4692549
-4988157
2209913
944412
4439352
-5075958
-894377
-6342864
-2536055
-9582283
-4841509
-1420272
3795099
7965162
619735
-6433137
5129932
5784896
-5064032
2987973
8313644
8079679
1532323
-1237577
-8426205
1064
6314520
1770712
839368
-8136199
-7765576
-7790981
2896530
-5333806
4663414
-6574077
-7703074
-3940073
-7905761
-6429886
-2649957
-8587325
1289343
-4139391
-6369890
9979483
-9126055
-8885962
2044132
-2804559
7586731
-2480077
-8944060
-1224360
7274418
-4869913
1226661
4117048
-9078312
-2725241
1505387
-5428064
4340439
-6106336
-2605175
206885
-8537278
6369737
5441605
-3306708
4646922
-2086764
3276252
5597227
-4648246
6595998
-3085537
-3968548
9063592
3297781
-9101297
3302895
7858513
-9455
9971916
6230804
5107734
-1369003
-8590588
-4356774
-8933530
1011165
2781538
-9232993
-6513699
-6052442
-4796672
4946845
4215456
-8289058
-12422
6049078
8431252
5217700
6038494
-2273438
2123385
-5448441
-9913718
-6130075
-7063738
8537356
-4346536
6736154
4521856
6810541
-2570492
-1940174
-449675
-5185926
511636
4464468
-2367983
-6236671
1403075
521336
-5171877
-8930585
-6350054
3697243
-3713528
-6253781
3459300
4037792
9843081
2653668
3981333
9289917
3884263
363945
9107291
-2925493
-8445949
-7438469
-6331810
816862
-8857278
-3821067
9393242
1588906
-925003
-1351223
4397378
3595985
1343316
9560638
-86838
5812527
148155
-7504118
3056531
-8955854
3041998
-893333
-1099752
-7623148
9801660
-1782085
-2520255
-3802816
1055472
-4461376
-2234363
3152571
-3642275
-5429736
-8125015
4669378
-65043
-1675726
-602232
-6794
5620709
-8087443
-3291112
1472488
-1855455
5785028
-6354226
-5921721
6361697
8230050
-1911923
4678444
-7373363
7683925
2513824
-9463272
-9481014
354934
-1589712
-918410
-7265357
-1299920
1094544
-5502057
-7363677
-5646707
-5612778
2471255
1499938
-903266
-102762
7565460
-4940661
3783212
-2182535
9358242
4852419
5989467
-3942466
-6711808
289360
1561752
4868863
-7075773
9939642
-1329560
2933709
-4811816
585830
-4083776
7120108
-6310761
-5308224
8763786
-5229154
8827932
-7789044
3063706
7510669
-868291
7097334
9963400
6519013
-7149393
4483077
-23415
-8591230
-742614
-983008
-1999026
-5886386
-4704363
-4332296
2500398
8055709
4866850
3950003
-7868299
5799368
2694215
2666945
3473978
8878296
-6900171
-823070
-8309659
1520460
-5772337
-2713270
6711354
9709687
7662653
7225640
-1200997
-7094195
-4494801
404214
-1812693
-4866834
7942080
-4654633
5133510
-5068109
-4621950
-9171656
30531
-7861489
8916473
455133
4060953
5562076
-2364869
-5600813
-2009952
-124833
-2070868
-5804652
3747225
-766698
8682007
509411
-6370151
4058743
1121113
-9867398
-9139114
-9285257
-9533588
1998832
-8766310
-4797734
-3931121
8626889
4248301
8058014
8421797
1663011
1649227
-3432502
1383644
7166243
-4303199
-4863588
5200007
-4876796
8441128
6796534
9989782
-4842570
7358620
-9282325
-2655101
5733180
2346409
-2855900
656688
-2520082
-2733651
3867750
-7569929
-5815052
3084865
-3117738
2372794
-4316141
-3036603
8822027
-7292372
3132025
1259667
-9854876
3547233
8858188
4728467
3396039
-3517622
9284866
-8495260
-5004477
1018109
-6739183
-5691110
-6588013
-5309784
-6500190
-6929089
-7038427
-1439755
-9348106
-9897834
-388868
-9511010
8565702
4186947
-8369453
-4321103
7755245
9283744
-3089599
-6922004
6605044
1197005
-4730886
-5848113
5301858
-221074
7285037
-3196572
-9949532
-9409709
-4970412
-6178144
6923196
4110613
4089130
-5466289
6809456
3060899
4985548
2765366
-8178579
9249097
-8400699
3019038
-3112417
-6026137
-104357
-5807285
806828
-6687263
8852162
8456018
-4232742
-3522930
2686072
2235802
8876530
3406555
-7810396
-510797
-9872755
8033880
5102484
1227774
-8180882
7350302
-3416204
7488108
422819
4219908
7637011
5417273
2226067
672670
2781137
1129187
712447
7423918
4851600
2124311
1345938
987571
8203168
8603651
-1703927
-5910720
9663555
-2590122
-4008307
-7751896
-5575530
-4590268
-9762912
-3626310
-3201909
5329983
4764924
-362742
-4324840
-5489613
5694576
-5177530
-2783632
-4125083
8035284
8960679
-6251124
-784959
-8850897
6219176
-5732166
-911946
-9202670
3125405
-4078657
832705
7394333
-7040253
-291893
3895876
-9124435
-9405165
5442616
-3349531
1394433
-9138639
7562549
9650795
8294700
-5649364
6700316
472571
-2860122
6878834
2284635
4920696
-8424921
-8869629
7133166
-1224219
3232010
-5746579
8652114
-8128233
5365333
-1844191
6722159
4514042
8458115
673713
-8965159
521860
-3650457
2063208
-2856136
5322486
-2760844
-1746520
-9734472
6892057
-4215996
2395731
-4352415
-746390
3882377
-8320048
1466605
-9677168
7104115
-5147397
-607251
1471155
-5903879
-5102551
2255522
4070349
64072
-9690444
-7596400
-5051280
-4495239
4606507
8136089
-8804077
7422762
-8150790
4061105
-2883508
-1545621
-5061573
6184819
-3304588
3983782
39764
9930994
1131896
5833920
-6677625
-7839054
7087224
2365947
-6566940
3690107
3701984
-576749
8423631
4978022
-3503065
3956584
-5984369
-2132231
5721354
-963010
-6402916
6917641
7274499
-2567875
5918906
-2060642
1612013
1016370
1469063
-1503336
-7183875
9173255
-5488631
4294310
-8404733
-2041622
-4676313
-9136836
-1249355
8849147
4920704
4884866
7684223
4554964
4171575
4715710
-3812443
4335274
2422018
2154820
-7534958
2902013
-3402574
7967603
5580772
8242517
9089011
-9060900
-8368410
-9050132
-4359401
-3884163
-1646288
4712086
-4160830
-1793370
-5042652
-3034759
4910653
3391358
-3472808
-3288941
5802286
6320695
2739287
-3194640
6179842
-4148351
4080650
-8706496
-8246152
3769090
9540480
-5031041
4595773
-4728527
4424724
-6503860
-364385
-5421443
-7962678
1406000
8347889
5612032
1878521
-4889617
2416914
7667481
9098213
9351797
7532122
-5541961
-9976253
6505244
-1568686
8288494
2204251
3482610
-8397050
-3929306
-8615240
165665
6160927
-33036
2552113
7310717
4728512
4705949
9116580
-6557054
1490606
1158985
1797478
-3988933
-9201347
3297530
1048081
-5317514
-7254335
-3129988
-8496641
6327253
-8740991
855041
7585294
-1527450
6332477
1022083
-310880
-4068038
-8213806
5478677
1930495
-5554713
-3410143
-1800186
1665610
2941150
1303013
-4447542
2135382
3227157
9013164
-5576947
-5272099
-4519565
1008539
-8293244
-4777814
-8926917
-7021563
-6706253
9658744
-8298513
6969329
-415933
-6067485
7825338
-1485996
-11666
-2592606
1205211
-3029436
8886549
2928970
-3348726
8851470
4993462
9449331
6913812
-2536081
-3048916
-8829092
-305629
-8095298
-5620370
-8615211
6884349
3761081
2033550
3594586
-4112636
-2998040
7433658
6370186
-9726261
5189557
-4309848
1062610
-8343569
5795521
5247898
-3589702
-8256003
3901552
1104704
2249520
3355140
-3598722
-7133834
-2879370
5608998
-4191209
-9263664
1516571
4265690
-4972544
4794660
9029607
-2441994
-9901081
-9422992
-8212864
6974517
-8536815
3353462
-2590638
-1030422
9277227
-9156457
3573471
5993790
-8090227
2629790
-9347430
-9207639
3849292
1800939
7026141
-3562996
-8004874
-6498884
-7764036
9688241
7203973
3561093
1063888
-7385088
-6730158
-1631944
-4461814
1556005
6213189
493735
3162913
3724137
-3022649
-3808431
-652079
-4066354
-2858682
177598
-7195771
3071738
1230497
-4391027
-3187127
-9935032
3640771
-8104582
6674116
-688470
4805323
-2810424
241327
786112
2943153
9939463
-5629948
6947921
9118895
6368586
-8934120
-5832802
-7748298
8183923
-3550999
-9181618
-5124685
1274965
1417861
-7779574
2578504
9388152
-772876
-6876125
3978416
-3310854
-7201822
-8713755
1526700
-8014832
8373713
-7180731
-8672660
1195039
-3225972
-5017583
1665272
-6515507
-812248
745547
-1039733
-4214274
-6667605
2843355
-6523230
2957709
-9428173
834230
3428807
467384
-5258623
4568753
4513919
2959513
8377171
5486104
-4226226
7923227
497514
6197762
-6645657
3949391
-2613589
1749523
1570428
-3413746
3381196
9160159
-7583219
3214922
-65540
5864771
-2992009
8088932
5377019
3008024
8476823
-3228105
9405202
-7762856
-5122419
3894571
-9768851
-3839033
7601299
2403807
2617620
-5637822
-2595898
-7611268
-8089731
-928648
2732876
234699
8563002
4615016
-8290599
9989386
7612637
4754843
-3732918
-4182304
-6246218
4020892
2943905
-9714111
-2572340
8154623
2958862
4064535
7527021
6725833
-1321209
-6128886
-8447299
9843097
7742729
-274118
-5766078
-8098583
-939913
-1523311
9583223
2283704
-1583678
-3887271
7189995
3648796
8000337
8143491
1029036
-6481831
-5309044
5111867
-4951868
-8842697
42419
8122901
-3473747
-6569050
-5828057
440399
-891068
3312989
-9494469
-1265231
-2361588
-189506
2687706
7044738
3479360
-5488646
-6641681
1713968
-4443221
-5210124
-5043566
6488415
-8272841
6548495
-5595444
-6857486
5191358
-1975081
1757806
5214392
6848403
9476046
1798765
-9854128
7824237
-7755555
-6734752
-6049699
-4390346
-5324073
2603285
-3597084
5946820
-1703278
7720174
-2120640
9225346
8654438
-5705554
-7199657
8244959
-7330071
-3728325
-9062527
-2288241
7624161
2030046
-9841151
-6842100
-1403829
-2348345
-6643096
7540868
484521
-5069102
4247785
-6937387
-4263732
-3106882
-1643667
-7660949
-9516044
-3862394
2128527
2247908
-4407461
-5977728
4796241
4236566
7428617
-9178602
-701111
-1820272
2011532
-1621252
-26405
-3734578
4792856
-4295576
6507240
8127282
4667573
4779559
-6252142
-5032470
2082551
1290061
5944674
-3353587
5843276
1678101
-7767098
9300309
9993651
6774868
-9170055
7922457
-2654848
-2523561
7523835
-144148
-5750903
121080
475555
-729610
-9483298
9587655
-9448292
2104900
-996491
-9620405
6382451
-3019581
-3694788
7119169
3846203
4603163
4520609
-9560559
6831717
9054766
-1667911
-5846267
-8278983
-9547797
-7117012
3498246
-7264394
6236732
-7348899
-9041639
1070608
-2982544
2934399
1954742
3196448
-3278401
-7044285
-7235386
-476193
3942770
9053117
-4839045
8464673
-1937054
-8568234
9740492
-3560502
-6709836
6647147
-1329361
5414259
-1917740
-1461699
6946196
-881211
-2761082
-829883
2905518
-228684
-3554490
587262
-5244041
-2375800
7236818
9270141
-8376274
2738549
1228451
7614420
2978737
-9667664
-425381
-72542
9350437
2158009
-1519844
8211146
-9611200
7893319
9469469
-7062350
-4439023
-9475809
2037474
3263791
-7145035
-2445155
5122988
9101272
-5532854
64028
-2697777
4506120
-1187117
-4197839
-4254250
5682197
1397226
-3461450
-6113832
-8435028
-8951718
-1924262
7705456
-4123784
2660699
-2647930
-5597530
-7095662
1986314
-7423536
-6687786
-9951761
4933301
-3500375
-5126922
-5675441
5616363
-6527410
7831803
4383566
-7399455
-5716384
5905479
-2954420
-2883239
-9982541
-3846255
-7817860
3639866
5990167
-9967294
-5072561
4249432
6679864
-3996873
4991155
-1172771
-803097
-9066420
-4526039
5484206
4802103
-8375399
-6092576
9964612
8134572
-2010903
3615987
6747534
4347070
4462786
4045866
5343989
-7490269
9660937
6339854
-8176026
6323549
8477721
-3976033
-4268485
7762830
-9686886
-6225532
-6147597
951795
7622320
4620224
-8003471
-8087020
-1307201
8550635
-2173102
7198248
3192430
-4401435
7268328
-6851382
2746116
582243
-5842139
-7761029
5278478
3570021
5709818
-2112291
6184880
7127518
1508057
-5681250
1280800
-300657
-3413722
7860221
-765970
4054250
-2117688
1011487
-2194975
8781312
5105727
-2563767
4135772
6726840
-1793348
-72747
8032635
8442089
4018845
-6203084
-8761339
-3883380
-6392467
7277375
1144519
7676064
-624574
-8835412
5310713
-4569666
4856266
-869464
-8585239
6159632
-5721224
-9647651
8977870
-9114799
9625105
8854877
1683325
-8506824
7540077
-7599808
5424106
-245936
-4705087
261507
-2211413
9183222
-2353121
2936808
-5455280
-4244524
3829247
-9123548
6911691
-7201707
-5089378
7393581
-5853093
2671528
-9678402
-3683966
6923020
3866238
-105824
-8311600
-8225186
1279843
-5590693
-6351535
3118907
-4706360
-4122340
-1796499
8319985
-4969445
6934393
-7716639
6425370
-6107183
-5767342
2810832
-4398394
9293761
3986392
-4302720
-8173966
4929043
-54877
-2278640
-9708974
-3406707
-6640643
-8629581
7920928
9156359
-5159554
3806637
974278
-1185987
-1937224
2521134
6740433
1801436
-5052739
9417373
-520076
-2843069
-7888628
4686661
-3083593
9962129
5471613
8664544
5907221
-8906573
-4891518
1428000
-5284712
3978539
9255624
6580598
3409820
-2191184
5947771
-452465
1797538
-547252
-8048164
7283275
-1907490
9340031
-3554863
-5518872
4973389
-8496167
-6926785
4014086
9836667
4948468
1739718
4097602
-2845774
-5330800
-280279
5162995
8583923
-1093079
-5019290
4607184
7910574
-1026500
8524967
9054834
4939522
2867469
-2596591
9068689
9832907
8012553
8827205
9824325
653617
3729706
-2758957
-6073948
8870093
8088391
2570796
-4234875
-151942
-2793128
1864669
-7593057
8666154
6269814
-4986706
-2889660
8080682
5165627
-8433233
5573597
-5672795
-886732
-7367382
5504265
-1885417
-7012029
-9106448
-5720348
3512893
4505611
-6879898
-5612199
-7856385
-8372296
7066859
9070192
-6367909
9661229
840197
1979044
-2489902
-8663770
-9803491
9691448
-440600
8319227
-7740513
-4238775
-501713
-1838785
1487455
-1250503
-9168368
-8522271
7070316
7610160
-3311251
6813131
744573
8414308
-8873330
7886586
-8585693
-2327817
-1845456
9462122
241803
2863794
-1464650
-3782220
-58774
-7262560
6586111
2689159
-6327017
-5237071
5652838
-7359845
-1304625
-4896694
3333708
6159962
-6027344
9541526
-1214319
-542312
-9185558
7170665
-1532164
-1166011
1127226
2513341
8483562
4825842
7519460
-4286536
4753307
-4624523
-1622549
-2911644
-2149982
3421891
-255640
3823888
-1225448
-8486991
-391052
-866591
-4750422
9806308
2075400
811383
-222800
-9783276
7166252
-6765425
6926516
-4791865
-766945
-4233693
-1625611
-1016152
-4238200
-6815257
-2919258
1518084
4954940
5427923
168953
-5653058
8842854
9336312
-8819345
-5179856
7221481
3418608
5842377
-3503438
2461367
9316507
-9111076
-3395347
-910756
-686650
-4043562
1288765
-3830974
-3278136
-4019352
-517062
499438
-6315617
2884577
923235
1291205
-7412264
894446
-2585055
-9763077
-6430383
-7960654
7317098
-4483083
354866
495608
-9713553
1202243
6731191
-6594520
-9073255
-3505055
-8204515
-9699068
-7457732
8140827
803258
3250350
3495424
7367974
-7678208
-1796641
3650373
-6482587
-3931984
7927782
3208856
8483158
-2122862
-8126853
8893065
4885694
8461478
-2897272
8059308
4902979
-2340834
-1141539
3575522
9305276
3885061
718399
-2015401
-6349468
7169212
1598178
-5750298
-2266547
-8533301
398364
-8474904
316871
-5502180
6151227
1037042
5628042
-5025632
3737913
4777467
4786845
-6679163
-9710447
-4204823
-4777050
-9224885
8606765
-8407908
7406576
-4259905
-7179581
6933923
-8100541
-5131155
-5911428
-6690350
4580658
-658515
6111446
7211548
-7243413
4999787
3565221
8663595
5079067
-1681489
-8737867
8212363
-1349133
-6497402
1568636
2878282
8067477
-2900545
1154566
-255402
-9933032
5810771
1990379
-5720484
8867835
5366078
-2070342
8091112
4361439
-4747437
-5983975
-5214920
9672178
-7394092
-9791887
933271
6280845
-2581363
-2589918
4356693
-7492882
9210264
-9517622
9842308
8235441
457471
-5836022
7326434
8490809
-4684161
8536850
5953151
-5220321
-44947
9075077
1104867
-3930657
5559412
1770541
-7020454
-415079
-8497872
9889689
-3302593
8123536
819020
8831415
1854759
-6263753
-4951639
-331963
6482141
-3674573
7446477
-7860536
-9303618
4500075
3055300
7076152
-5416317
583041
7694451
-695073
-3916160
-8603465
382869
5363206
8968255
-4270192
-9436475
-5279682
-3939939
7222487
-2018717
-4360051
6493735
9671422
9079599
-2150967
-1323778
-6700366
-4248288
-7664292
4547408
7683929
-8793656
7571914
-2614722
5462763
-5612150
-641461
-8664263
-6778456
1139696
-5403996
6284942
-1454719
-4327895
-2174712
3215483
4367248
4500951
-8975069
-4715442
-4636842
9027373
-7460684
-6307424
1475621
794781
2291459
8935943
-3078160
-5506351
-6949352
-6399051
-840625
-997384
6854182
-5497293
-1013944
3962003
-2089393
-5060532
3986949
6337743
3210484
-6664525
6056851
5581699
-2756653
-6700028
-9596202
5699706
127190
2754103
4372707
-6595946
-8144018
8919994
-596064
-3485164
4393290
-6369707
9531124
3625241
782551
-1682054
3065033
-2229947
4605262
-2491947
2532788
5764052
-1726400
-2702018
-7988186
1805125
-5643115
-5227058
-2997477
-1065888
1875684
7682760
-5833870
-6681042
-4333289
-3882486
-4063271
9848105
-869758
-6943678
-9675722
791700
1755004
-2689662
8502960
5900081
-8005270
4923338
7672827
5174684
5988067
307017
-2413914
1583443
-5771602
7770236
-8598712
-8012896
-2124615
-9694560
-985553
6706556
8772854
8727148
2424514
6935858
-7382763
9505737
5120311
2962786
-6280689
-4633869
3248210
859013
4841251
-1426883
4677201
5806065
3168948
3769313
9583679
-9141467
-3279595
-7217809
2664249
9801967
2111961
3060598
8105968
-6449374
-2031857
5792480
6927779
7825101
-151277
3682368
-1722959
-3762677
-8803157
-1938815
-707961
2378410
775190
-1301652
-6444512
-5362329
-8332274
1234376
3882046
-9559506
2408437
-141372
-5979509
8577521
-735251
8256086
120758
-757707
8256372
-9398576
2568283
1485728
1923803
4962406
8545840
5309191
-2174888
-2111427
4178132
-3290840
7612495
-6358110
-6561373
-9495026
110496
-8435960
-590363
4169400
-4209511
-2342378
-3474986
-2124537
6276947
-7134555
-2227193
890427
337008
-6602135
-1816543
9312473
110982
8454420
-6533407
-6692031
1951698
60268
