-9997998
-9996320
-9995628
-9992335
-9990958
-9990076
-9989977
-9985163
-9983247
-9982541
-9977499
-9976253
-9973020
-9967294
-9967052
-9958784
-9956253
-9955086
-9954105
-9954101
-9951761
-9950005
-9949532
-9948516
-9945692
-9938981
-9936795
-9935032
-9934520
-9934474
-9934193
-9933965
-9933032
-9932663
-9932248
-9931516
-9925503
-9921688
-9920055
-9917781
-9916981
-9914296
-9913736
-9913718
-9909790
-9908816
-9906404
-9903418
-9901359
-9901081
-9897834
-9896764
-9891180
-9890388
-9890039
-9889788
-9887762
-9880590
-9879158
-9878779
-9877877
-9876305
-9875917
-9874921
-9874059
-9873508
-9872755
-9872012
-9867398
-9866910
-9866817
-9866449
-9856152
-9854876
-9854128
-9852934
-9848807
-9845147
-9844592
-9841151
-9840890
-9839572
-9838049
-9838014
-9835920
-9834761
-9832723
-9831932
-9831491
-9829294
-9822532
-9821107
-9820199
-9818550
-9816184
-9814652
-9814619
-9813755
-9811746
-9805454
-9804352
-9803491
-9800747
-9798939
-9797695
-9794079
-9792498
-9791887
-9791494
-9787124
-9786403
-9784268
-9783276
-9778181
-9778020
-9776830
-9774559
-9774536
-9772577
-9770016
-9769255
-9768851
-9767056
-9766105
-9765847
-9764245
-9764111
-9763077
-9762912
-9762354
-9762281
-9762026
-9759176
-9757590
-9755439
-9750193
-9748499
-9747961
-9742607
-9734472
-9731636
-9730590
-9728661
-9727902
-9726261
-9725406
-9725266
-9718790
-9716794
-9715352
-9715124
-9714921
-9714465
-9714111
-9713553
-9710760
-9710447
-9708974
-9708322
-9702404
-9699068
-9698974
-9698904
-9698556
-9694560
-9694319
-9690444
-9689515
-9689086
-9688870
-9686886
-9685988
-9681156
-9679640
-9678402
-9678040
-9677296
-9677168
-9676484
-9676191
-9675722
-9675318
-9672607
-9672559
-9671787
-9671423
-9671263
-9670155
-9668855
-9667664
-9667565
-9666744
-9665171
-9662687
-9655768
-9647651
-9647567
-9646864
-9646722
-9644006
-9639559
-9636791
-9636102
-9632638
-9631018
-9629001
-9625046
-9620924
-9620405
-9619335
-9615719
-9613298
-9611200
-9610864
-9609503
-9606674
-9606053
-9605599
-9604380
-9601601
-9599539
-9596202
-9593640
-9589971
-9589917
-9588663
-9585225
-9585041
-9584143
-9582283
-9579964
-9578848
-9571876
-9567976
-9567805
-9563511
-9560559
-9559506
-9559106
-9558224
-9557644
-9551754
-9551498
-9547797
-9546545
-9543210
-9542646
-9541403
-9540545
-9540199
-9533588
-9530485
-9529505
-9529207
-9527183
-9525815
-9525454
-9517622
-9516094
-9516044
-9513476
-9512304
-9511224
-9511010
-9505361
-9505218
-9504443
-9495763
-9495615
-9495026
-9494469
-9493753
-9491384
-9483298
-9483083
-9482538
-9482017
-9481014
-9475809
-9471986
-9471396
-9469324
-9465163
-9464676
-9463272
-9462528
-9461469
-9461346
-9457662
-9457411
-9457395
-9454866
-9452125
-9452116
-9451981
-9450798
-9449592
-9448669
-9448292
-9446862
-9446585
-9445395
-9445298
-9443907
-9441463
-9436475
-9433002
-9430188
-9428173
-9425591
-9422992
-9422532
-9422477
-9420874
-9419290
-9419264
-9414784
-9412321
-9411848
-9411254
-9409709
-9405165
-9404541
-9404095
-9399591
-9398576
-9394324
-9384862
-9384408
-9382880
-9376561
-9376449
-9375698
-9371518
-9370640
-9365741
-9363950
-9360567
-9350575
-9349685
-9348106
-9347430
-9347389
-9344736
-9333008
-9331839
-9329643
-9329343
-9324345
-9320745
-9319167
-9311650
-9311333
-9307642
-9306724
-9306151
-9303618
-9297233
-9295083
-9293410
-9286536
-9285257
-9285207
-9285182
-9282325
-9279933
-9278390
-9276757
-9276256
-9269682
-9264603
-9263664
-9262714
-9260187
-9258871
-9256183
-9253619
-9250928
-9250818
-9244171
-9243449
-9243218
-9242014
-9241766
-9241369
-9240474
-9239690
-9237678
-9236428
-9235430
-9233270
-9233253
-9232993
-9229879
-9228479
-9228176
-9227513
-9226689
-9224885
-9222522
-9212955
-9211637
-9210045
-9207639
-9206833
-9203646
-9202670
-9201347
-9200800
-9188541
-9187283
-9186882
-9185558
-9181618
-9181312
-9178602
-9172442
-9171656
-9171314
-9170055
-9168368
-9167289
-9166282
-9165442
-9164638
-9162453
-9160577
-9159503
-9158618
-9156457
-9152430
-9150901
-9150872
-9149073
-9145985
-9142710
-9141467
-9139114
-9138639
-9137791
-9136836
-9135680
-9134508
-9134061
-9133353
-9130840
-9129829
-9126580
-9126055
-9124435
-9123548
-9119243
-9116008
-9114799
-9111076
-9109801
-9108863
-9106928
-9106448
-9104929
-9104041
-9102712
-9101297
-9098707
-9098175
-9098013
-9094002
-9087030
-9085263
-9080546
-9078312
-9077543
-9075970
-9075491
-9073714
-9073618
-9073255
-9066420
-9063796
-9062527
-9060900
-9060424
-9054929
-9054294
-9052230
-9050132
-9049438
-9048896
-9047050
-9041639
-9041250
-9037302
-9036099
-9035988
-9035125
-9032156
-9031760
-9031521
-9031031
-9026273
-9026065
-9025619
-9023435
-9022615
-9022099
-9021446
-9021312
-9020386
-9018568
-9006975
-9006372
-9005758
-9005195
-9002709
-9002047
-9000699
-8999915
-8996726
-8983705
-8983238
-8975069
-8973042
-8972577
-8972337
-8970032
-8968220
-8966476
-8965159
-8963184
-8962937
-8960546
-8960462
-8960085
-8959528
-8957450
-8955854
-8953344
-8951718
-8950311
-8949644
-8947079
-8944060
-8940371
-8937721
-8934120
-8933692
-8933530
-8931727
-8930585
-8929503
-8927769
-8926917
-8919798
-8916470
-8915026
-8914761
-8914196
-8908406
-8908223
-8906573
-8905123
-8904497
-8901551
-8896388
-8892577
-8891145
-8887661
-8887109
-8885962
-8884756
-8883422
-8881771
-8881476
-8878785
-8873330
-8869629
-8861948
-8861395
-8860611
-8857278
-8850897
-8850347
-8847514
-8845553
-8843634
-8842986
-8842697
-8835412
-8832172
-8829092
-8823410
-8822313
-8819345
-8813743
-8809801
-8806040
-8804077
-8803398
-8803157
-8803069
-8801541
-8794396
-8793656
-8786038
-8785280
-8785185
-8778936
-8772785
-8766310
-8764599
-8763056
-8761339
-8759016
-8757708
-8757262
-8753716
-8752227
-8751559
-8748370
-8745724
-8740991
-8738487
-8737867
-8735946
-8732610
-8731749
-8730498
-8728926
-8725550
-8723830
-8722790
-8722260
-8720117
-8718484
-8718275
-8717481
-8716493
-8714466
-8713755
-8709403
-8706765
-8706496
-8700028
-8692228
-8692092
-8691127
-8690970
-8689254
-8688969
-8687145
-8678737
-8672660
-8669712
-8666398
-8664263
-8663999
-8663770
-8663111
-8654684
-8654178
-8653898
-8649016
-8645207
-8642968
-8642354
-8642328
-8641396
-8638824
-8638697
-8637069
-8635540
-8635189
-8631474
-8630898
-8629581
-8628161
-8626972
-8624081
-8621288
-8619073
-8617686
-8615240
-8615211
-8610452
-8608899
-8608456
-8605666
-8603465
-8602958
-8601590
-8598712
-8596130
-8595885
-8592549
-8592258
-8591230
-8590588
-8588863
-8587325
-8585693
-8585346
-8585239
-8584458
-8582044
-8579018
-8576015
-8576010
-8572015
-8571307
-8570533
-8569571
-8568234
-8565840
-8565174
-8564611
-8556422
-8556204
-8555161
-8551337
-8551056
-8550454
-8550450
-8549412
-8546246
-8544526
-8537278
-8536815
-8535092
-8533413
-8533301
-8532531
-8531667
-8527215
-8526933
-8525971
-8522271
-8518405
-8516218
-8513805
-8512577
-8511415
-8506824
-8506690
-8505067
-8503999
-8503148
-8502937
-8501105
-8500281
-8499929
-8499284
-8497872
-8496641
-8496167
-8495570
-8495260
-8493853
-8492908
-8492569
-8486991
-8486027
-8481573
-8480999
-8477773
-8474904
-8470083
-8468959
-8468309
-8464021
-8463519
-8462518
-8461829
-8460026
-8457770
-8457654
-8455862
-8455173
-8453321
-8448892
-8447299
-8445949
-8441954
-8440061
-8438414
-8435960
-8435028
-8433233
-8430008
-8429107
-8428627
-8428514
-8427021
-8426205
-8425310
-8424921
-8423178
-8420476
-8419597
-8416717
-8415099
-8412212
-8412020
-8410622
-8407908
-8406514
-8405566
-8404733
-8403267
-8400699
-8398584
-8397050
-8395052
-8395024
-8394875
-8392779
-8392253
-8390727
-8385026
-8384881
-8384181
-8383786
-8381253
-8380543
-8376274
-8375654
-8375399
-8372296
-8372281
-8369453
-8368665
-8368410
-8362728
-8360500
-8354328
-8352539
-8351003
-8350502
-8347928
-8347677
-8345921
-8343569
-8340766
-8340271
-8339181
-8336430
-8336140
-8334956
-8334470
-8332625
-8332274
-8331478
-8328258
-8323688
-8321449
-8320048
-8317669
-8315789
-8315096
-8313850
-8312913
-8311600
-8309659
-8309208
-8307496
-8305965
-8298513
-8297552
-8293244
-8291765
-8290599
-8289982
-8289058
-8286009
-8283763
-8281938
-8280542
-8278983
-8277908
-8274234
-8273223
-8272841
-8272252
-8268700
-8267930
-8261774
-8261652
-8256888
-8256003
-8255919
-8253330
-8250917
-8248791
-8246152
-8242108
-8241889
-8238890
-8238286
-8236381
-8234260
-8233540
-8229506
-8229069
-8225186
-8224472
-8221742
-8214051
-8213806
-8212864
-8212341
-8210902
-8209517
-8206653
-8204880
-8204515
-8204369
-8203416
-8202633
-8201428
-8199649
-8193920
-8193137
-8187869
-8184256
-8183919
-8183902
-8181996
-8181760
-8180882
-8180471
-8178579
-8176026
-8174970
-8173966
-8173772
-8173020
-8172747
-8169325
-8166607
-8166239
-8160140
-8157452
-8153115
-8151388
-8150790
-8150404
-8146687
-8144018
-8143673
-8141335
-8139805
-8137863
-8136199
-8129726
-8128792
-8128233
-8128058
-8127862
-8126853
-8125015
-8123424
-8121437
-8105241
-8104582
-8101332
-8100541
-8100319
-8100184
-8099206
-8098583
-8096543
-8095298
-8095109
-8091675
-8091420
-8090227
-8090085
-8089731
-8087549
-8087443
-8087020
-8086146
-8084909
-8084674
-8083437
-8080822
-8076811
-8076784
-8076640
-8076499
-8076149
-8074459
-8074080
-8069819
-8065780
-8065686
-8058759
-8058355
-8055504
-8048164
-8048044
-8046712
-8046335
-8042556
-8042459
-8040161
-8036474
-8036379
-8036296
-8035564
-8032852
-8030913
-8029402
-8021672
-8018230
-8015687
-8014832
-8013387
-8012896
-8009443
-8006686
-8005270
-8004874
-8003471
-7994944
-7994374
-7991720
-7990944
-7989411
-7988186
-7984713
-7984410
-7979264
-7978638
-7970884
-7966543
-7962678
-7962629
-7960654
-7960103
-7957701
-7956383
-7954131
-7948189
-7947678
-7945733
-7944252
-7942443
-7934774
-7934566
-7933731
-7933301
-7930271
-7929579
-7928360
-7927266
-7921236
-7920701
-7920014
-7919572
-7918629
-7911206
-7909107
-7907960
-7905761
-7903229
-7899728
-7898309
-7891712
-7890184
-7889693
-7889130
-7888628
-7888551
-7885898
-7879821
-7879444
-7874259
-7870963
-7870082
-7868299
-7868006
-7867676
-7865764
-7864989
-7864437
-7863263
-7862257
-7861489
-7860536
-7856385
-7848351
-7844951
-7844780
-7844243
-7842735
-7840963
-7839585
-7839168
-7839054
-7837281
-7825407
-7822931
-7822911
-7822808
-7818235
-7817860
-7814774
-7813837
-7813632
-7812366
-7811705
-7810396
-7809656
-7809025
-7808947
-7807954
-7801095
-7800184
-7793968
-7790981
-7790528
-7790007
-7789617
-7789044
-7787886
-7786299
-7784272
-7779574
-7778437
-7778197
-7775732
-7775445
-7767098
-7765576
-7764036
-7762856
-7761424
-7761029
-7755555
-7755032
-7753685
-7751896
-7751498
-7748298
-7743887
-7741428
-7740513
-7731065
-7730533
-7723400
-7723005
-7721194
-7719269
-7718037
-7716639
-7716630
-7714755
-7713344
-7711141
-7710516
-7707988
-7705861
-7704628
-7703074
-7701993
-7700629
-7697320
-7693571
-7692957
-7692134
-7691025
-7690449
-7687564
-7686072
-7686012
-7679911
-7678755
-7678208
-7673673
-7671372
-7669466
-7667217
-7664292
-7660949
-7655534
-7653549
-7648730
-7644860
-7644759
-7639459
-7638723
-7635779
-7635715
-7634596
-7633880
-7631023
-7630823
-7626458
-7623148
-7622607
-7620717
-7620023
-7618625
-7617793
-7616061
-7615290
-7614870
-7613168
-7612841
-7612509
-7611615
-7611268
-7607694
-7603265
-7600572
-7599808
-7598817
-7597248
-7596400
-7594263
-7593057
-7592902
-7591712
-7586975
-7583219
-7582556
-7581261
-7579450
-7573541
-7571937
-7569929
-7569559
-7566015
-7563701
-7563093
-7555360
-7554970
-7552991
-7552492
-7552342
-7539249
-7537192
-7534958
-7529576
-7527008
-7526830
-7525926
-7525433
-7521453
-7517507
-7514410
-7513730
-7513233
-7512214
-7509079
-7506209
-7505828
-7505595
-7504118
-7504017
-7503567
-7502929
-7497661
-7494825
-7492882
-7491091
-7490911
-7490269
-7486443
-7483447
-7483133
-7478147
-7477918
-7474569
-7473092
-7472271
-7471268
-7468238
-7467814
-7466463
-7464621
-7462898
-7462257
-7461372
-7460853
-7460684
-7460448
-7459687
-7457732
-7457103
-7453686
-7449534
-7447602
-7445941
-7444862
-7443138
-7440462
-7439241
-7439032
-7438469
-7438202
-7437198
-7435880
-7432065
-7431810
-7430778
-7428829
-7427805
-7423536
-7423218
-7420976
-7420737
-7418472
-7418281
-7412264
-7408566
-7402360
-7402066
-7399881
-7399455
-7399244
-7395462
-7394092
-7391555
-7391019
-7388806
-7386950
-7385088
-7383219
-7382763
-7380541
-7374561
-7374054
-7373799
-7373363
-7368310
-7367382
-7367158
-7364582
-7363677
-7359845
-7354134
-7349384
-7348899
-7346476
-7345356
-7341065
-7339825
-7337846
-7336963
-7336516
-7334930
-7334684
-7332419
-7330071
-7327424
-7322326
-7318644
-7314224
-7312241
-7311915
-7309885
-7305616
-7304773
-7298136
-7297763
-7293663
-7293361
-7292803
-7292372
-7291761
-7290916
-7290671
-7290350
-7290092
-7287989
-7281177
-7280621
-7280230
-7269434
-7265357
-7264394
-7263004
-7262560
-7261579
-7256705
-7254335
-7251458
-7250630
-7250193
-7248532
-7247913
-7246908
-7243413
-7240748
-7238739
-7235386
-7234264
-7233477
-7222238
-7221308
-7220802
-7218826
-7217809
-7202986
-7201822
-7201707
-7200071
-7199657
-7198113
-7197688
-7197030
-7195771
-7193728
-7192600
-7192427
-7192047
-7191807
-7188201
-7187707
-7183875
-7180731
-7180640
-7179581
-7171333
-7169255
-7167978
-7167610
-7159182
-7157916
-7155446
-7153273
-7152338
-7150683
-7149393
-7146951
-7146240
-7145035
-7137789
-7137523
-7134555
-7133834
-7132939
-7131709
-7131031
-7130376
-7127348
-7126919
-7125887
-7124229
-7123912
-7122798
-7119286
-7118960
-7118713
-7117012
-7116601
-7115747
-7112728
-7110416
-7108202
-7105821
-7096373
-7095986
-7095662
-7094683
-7094195
-7091217
-7086061
-7077213
-7076764
-7075773
-7074396
-7074221
-7072609
-7072127
-7069965
-7069891
-7069064
-7067694
-7063738
-7063573
-7062350
-7061728
-7061030
-7060568
-7058591
-7051637
-7051246
-7044285
-7041843
-7040755
-7040253
-7039330
-7038427
-7037072
-7035320
-7033385
-7031429
-7030108
-7027211
-7026950
-7023172
-7021563
-7020454
-7018693
-7016343
-7015837
-7013706
-7012029
-7010056
-7007399
-7006349
-6998853
-6997635
-6991967
-6979688
-6978425
-6976139
-6974744
-6973386
-6972339
-6965819
-6965488
-6964354
-6964294
-6962404
-6962376
-6960573
-6958125
-6955439
-6952411
-6951221
-6950928
-6949352
-6944743
-6943678
-6937387
-6934686
-6932467
-6929089
-6926785
-6922004
-6920271
-6919597
-6914788
-6908997
-6906829
-6906690
-6900171
-6897868
-6896157
-6893626
-6892040
-6891017
-6885268
-6880775
-6880615
-6879898
-6879823
-6878802
-6876125
-6875751
-6874610
-6867863
-6865646
-6860150
-6858044
-6857486
-6853107
-6851382
-6845697
-6842100
-6839715
-6835714
-6834067
-6830417
-6829659
-6822444
-6822004
-6821118
-6815257
-6812715
-6809263
-6808984
-6806688
-6805585
-6805166
-6804032
-6801432
-6797826
-6796581
-6793137
-6787333
-6787279
-6784066
-6783793
-6783303
-6783082
-6779485
-6779131
-6778456
-6771182
-6770445
-6765425
-6765079
-6763571
-6759549
-6756886
-6751400
-6749060
-6748802
-6741269
-6739183
-6736361
-6735921
-6734752
-6734255
-6730158
-6728751
-6727745
-6725474
-6711808
-6709836
-6706563
-6706253
-6702102
-6701883
-6701216
-6700366
-6700028
-6698625
-6696250
-6693983
-6693692
-6692031
-6691087
-6690350
-6688391
-6688185
-6687786
-6687263
-6687067
-6683155
-6682843
-6682510
-6681303
-6681042
-6680395
-6680251
-6679556
-6679163
-6677625
-6676413
-6676329
-6675280
-6670483
-6670008
-6668427
-6667605
-6667255
-6667014
-6666284
-6665998
-6664525
-6655822
-6655448
-6654480
-6653353
-6651884
-6648237
-6646946
-6645657
-6643096
-6642098
-6641681
-6640643
-6640625
-6638673
-6633521
-6627544
-6623418
-6623360
-6621851
-6621724
-6620624
-6619104
-6617166
-6611327
-6608326
-6607600
-6606336
-6604538
-6602787
-6602135
-6599523
-6595946
-6595573
-6594992
-6594520
-6593547
-6591919
-6591771
-6590128
-6589164
-6588013
-6585892
-6585643
-6579670
-6579481
-6578994
-6577913
-6577012
-6576607
-6574077
-6569050
-6567745
-6566940
-6565953
-6564396
-6562010
-6561373
-6560638
-6557054
-6553123
-6549974
-6549917
-6549753
-6546594
-6545598
-6545041
-6537323
-6536582
-6535352
-6534904
-6534538
-6533407
-6533125
-6531538
-6530146
-6530086
-6528059
-6527410
-6523230
-6519907
-6518222
-6517369
-6516956
-6515507
-6513699
-6509600
-6507674
-6506229
-6505681
-6503860
-6500190
-6498884
-6497402
-6488507
-6486797
-6486229
-6484748
-6483693
-6482587
-6481831
-6478520
-6478467
-6470568
-6465598
-6464845
-6461864
-6457097
-6456185
-6455246
-6452768
-6451514
-6449374
-6449060
-6448201
-6444806
-6444512
-6441281
-6440849
-6438955
-6438786
-6436803
-6436265
-6436234
-6435796
-6434579
-6433137
-6432163
-6431976
-6430728
-6430383
-6430149
-6429886
-6422649
-6421428
-6421235
-6421094
-6419260
-6416665
-6410095
-6403868
-6402916
-6402468
-6402241
-6399051
-6395250
-6393402
-6393280
-6392467
-6389426
-6389007
-6386476
-6385540
-6377161
-6373489
-6371050
-6370151
-6370056
-6369890
-6369707
-6369269
-6368575
-6368453
-6368303
-6367909
-6358110
-6354226
-6351535
-6350180
-6350054
-6349468
-6345220
-6342864
-6341255
-6339945
-6339570
-6337273
-6334701
-6331810
-6330940
-6329546
-6328284
-6327017
-6322382
-6322132
-6318799
-6315617
-6312163
-6310761
-6310258
-6309776
-6308722
-6307424
-6306783
-6306076
-6296349
-6294031
-6293992
-6292975
-6291895
-6289110
-6288048
-6282352
-6280689
-6278651
-6278180
-6278138
-6275813
-6273589
-6272681
-6263753
-6263092
-6262136
-6260824
-6258042
-6256706
-6256069
-6255354
-6255225
-6254299
-6253781
-6252142
-6251124
-6246259
-6246218
-6239026
-6238522
-6236671
-6236455
-6235984
-6233249
-6232628
-6225532
-6225427
-6222003
-6221099
-6217064
-6213290
-6210431
-6209134
-6208172
-6204576
-6203084
-6202117
-6197955
-6197588
-6196687
-6193494
-6187580
-6186983
-6183777
-6178144
-6175611
-6174708
-6173184
-6170265
-6170158
-6169382
-6169202
-6163239
-6153170
-6151304
-6151303
-6147597
-6147065
-6146842
-6145527
-6140143
-6138943
-6136256
-6131334
-6130075
-6128886
-6128496
-6123558
-6117892
-6117496
-6115168
-6114079
-6113832
-6112284
-6109433
-6107183
-6107080
-6106781
-6106385
-6106336
-6105586
-6104493
-6104198
-6100989
-6100752
-6100131
-6094169
-6092576
-6090763
-6090715
-6087112
-6086913
-6082060
-6077568
-6073948
-6073533
-6073247
-6067485
-6065514
-6060574
-6058840
-6057419
-6056136
-6055390
-6055105
-6053784
-6053650
-6052442
-6049699
-6043264
-6039342
-6038716
-6038097
-6037934
-6036460
-6035515
-6035455
-6034822
-6033889
-6031003
-6027344
-6026988
-6026810
-6026137
-6021381
-6020477
-6016891
-6016070
-6006698
-6001265
-6000006
-5999281
-5998017
-5996911
-5996441
-5993476
-5993209
-5991016
-5988150
-5984369
-5983975
-5981001
-5979509
-5977728
-5975345
-5974481
-5968810
-5962174
-5960588
-5953007
-5951222
-5950827
-5944817
-5944013
-5942323
-5941789
-5935220
-5931888
-5925625
-5925139
-5924504
-5921721
-5919785
-5916676
-5911428
-5910720
-5905036
-5903879
-5902355
-5900557
-5894161
-5891450
-5887426
-5886386
-5885441
-5880850
-5875998
-5875095
-5869822
-5869220
-5866656
-5860857
-5857441
-5855469
-5853093
-5852169
-5848250
-5848113
-5846267
-5843647
-5842139
-5841089
-5839148
-5836022
-5835789
-5833870
-5832802
-5832452
-5830753
-5829495
-5828057
-5825712
-5823541
-5821657
-5819180
-5818325
-5817290
-5815990
-5815052
-5807285
-5805466
-5805399
-5805335
-5804798
-5804652
-5803120
-5800539
-5798552
-5792758
-5789014
-5783134
-5780233
-5777902
-5777498
-5774200
-5772337
-5771602
-5771351
-5770413
-5769782
-5767342
-5766078
-5766027
-5764656
-5761663
-5754123
-5750903
-5750806
-5750298
-5748865
-5748541
-5746579
-5744776
-5742614
-5740067
-5739388
-5738826
-5738357
-5736089
-5735835
-5735388
-5734442
-5734043
-5732166
-5730627
-5728806
-5727090
-5724803
-5721224
-5721039
-5720484
-5720348
-5716384
-5716323
-5715496
-5715491
-5711773
-5709662
-5705554
-5703417
-5692550
-5691646
-5691336
-5691110
-5691067
-5690087
-5683835
-5683700
-5682971
-5682474
-5681250
-5680303
-5680088
-5678671
-5675441
-5673588
-5673430
-5672795
-5672612
-5672464
-5667925
-5664053
-5662405
-5661959
-5660957
-5658833
-5658661
-5655807
-5655482
-5653058
-5649364
-5648506
-5648049
-5646707
-5643741
-5643115
-5640635
-5637822
-5636498
-5631987
-5629948
-5625951
-5625168
-5620464
-5620370
-5619805
-5614978
-5614802
-5614364
-5612778
-5612570
-5612199
-5612150
-5611371
-5610228
-5609583
-5606188
-5600813
-5600436
-5598991
-5598708
-5597530
-5597392
-5596554
-5595444
-5590693
-5582599
-5580824
-5577748
-5576947
-5575530
-5574148
-5570579
-5570269
-5569526
-5562740
-5562155
-5561347
-5560878
-5559250
-5554713
-5550006
-5548662
-5547947
-5543908
-5541961
-5541553
-5541433
-5535531
-5535480
-5532854
-5530887
-5528805
-5527597
-5526662
-5520595
-5518872
-5516533
-5515765
-5510048
-5508300
-5507373
-5506351
-5505262
-5504341
-5504339
-5504256
-5503368
-5502618
-5502180
-5502057
-5502050
-5497417
-5497293
-5489749
-5489613
-5489067
-5488646
-5488631
-5487828
-5482904
-5481454
-5478617
-5477863
-5476125
-5475677
-5473670
-5469265
-5467600
-5466289
-5464707
-5464465
-5463476
-5462639
-5460100
-5457218
-5456212
-5455280
-5448441
-5443227
-5439650
-5434260
-5432468
-5429736
-5429363
-5428064
-5428055
-5427198
-5427151
-5423108
-5422002
-5421443
-5416317
-5408364
-5408285
-5406673
-5406209
-5404544
-5403996
-5403424
-5401942
-5399751
-5399324
-5399223
-5397433
-5393934
-5392831
-5390790
-5389614
-5388909
-5385437
-5382793
-5380099
-5379702
-5378935
-5375466
-5375356
-5372542
-5365143
-5362329
-5362092
-5361326
-5358282
-5357664
-5337771
-5333873
-5333806
-5332003
-5330800
-5328144
-5328077
-5326773
-5324629
-5324226
-5324073
-5322287
-5322100
-5320185
-5317514
-5317264
-5314530
-5312587
-5311567
-5309784
-5309373
-5309044
-5308224
-5308199
-5306525
-5302562
-5302486
-5301768
-5298644
-5298291
-5292538
-5288046
-5287950
-5287555
-5284712
-5283677
-5281136
-5279682
-5278780
-5278142
-5277183
-5276502
-5275826
-5274283
-5272099
-5269920
-5268848
-5265800
-5265488
-5261329
-5258779
-5258623
-5251993
-5246061
-5244041
-5242449
-5238010
-5237071
-5235279
-5234650
-5231914
-5231867
-5229154
-5227452
-5227442
-5227058
-5225598
-5220321
-5214920
-5214641
-5212674
-5210124
-5206224
-5204646
-5198149
-5197994
-5195467
-5194589
-5191893
-5189967
-5186998
-5185926
-5181526
-5180181
-5179856
-5177530
-5176082
-5171877
-5171331
-5168509
-5167785
-5167115
-5159554
-5157957
-5157569
-5155527
-5153153
-5152341
-5149792
-5147624
-5147397
-5145396
-5145295
-5140122
-5134283
-5131155
-5130229
-5126922
-5126182
-5125994
-5124984
-5124795
-5124685
-5122419
-5120537
-5118126
-5116679
-5115469
-5109138
-5106873
-5104664
-5102551
-5100004
-5095036
-5094604
-5091718
-5089378
-5089064
-5087093
-5079349
-5075958
-5074730
-5074402
-5072561
-5071169
-5070876
-5069102
-5068807
-5068109
-5064032
-5062979
-5061573
-5060532
-5060262
-5057858
-5052739
-5051280
-5051136
-5050006
-5049688
-5046167
-5045453
-5043566
-5043042
-5042652
-5041361
-5040611
-5034472
-5032470
-5031041
-5027824
-5026851
-5025632
-5025496
-5024687
-5024069
-5023084
-5023083
-5023064
-5022423
-5021371
-5019290
-5017583
-5017348
-5017026
-5016360
-5015128
-5014342
-5012032
-5004477
-5003092
-5000649
-4998238
-4998194
-4996951
-4994905
-4994313
-4991809
-4990835
-4989727
-4988157
-4988130
-4986706
-4985433
-4981035
-4977264
-4976635
-4975274
-4973428
-4973388
-4972544
-4972164
-4970412
-4969925
-4969792
-4969445
-4968669
-4968617
-4967081
-4966876
-4966317
-4962733
-4961956
-4959115
-4958140
-4951868
-4951639
-4948191
-4948006
-4947418
-4944864
-4942177
-4942170
-4940661
-4936369
-4934889
-4930390
-4921258
-4914681
-4907107
-4903753
-4902137
-4899529
-4899064
-4898404
-4896694
-4891518
-4889942
-4889617
-4888771
-4884547
-4878213
-4876796
-4874386
-4874025
-4873822
-4873768
-4871371
-4869913
-4866834
-4866124
-4863588
-4859334
-4858796
-4853044
-4851056
-4842570
-4841509
-4839045
-4836961
-4835330
-4834827
-4832763
-4831810
-4831777
-4828885
-4827555
-4824452
-4824101
-4823454
-4817067
-4815506
-4812745
-4811816
-4807352
-4801401
-4800868
-4797734
-4796672
-4795657
-4795163
-4791865
-4790339
-4789820
-4788719
-4782492
-4781948
-4778006
-4777814
-4777050
-4776409
-4776056
-4772241
-4765621
-4765117
-4763297
-4759661
-4758832
-4756332
-4751901
-4751337
-4750691
-4750422
-4747437
-4745714
-4743837
-4736619
-4730886
-4728527
-4726842
-4725608
-4720699
-4720182
-4715442
-4714942
-4712352
-4711558
-4710934
-4709876
-4708731
-4708114
-4706883
-4706360
-4705947
-4705087
-4704363
-4702243
-4702082
-4701859
-4699651
-4696875
-4686573
-4684764
-4684161
-4683615
-4683520
-4677859
-4677656
-4676313
-4674379
-4673765
-4671247
-4667468
-4667183
-4666390
-4660980
-4660362
-4659621
-4654633
-4654117
-4650663
-4648246
-4644674
-4642453
-4642427
-4638750
-4636842
-4635454
-4633869
-4631798
-4626801
-4624523
-4621950
-4619569
-4618861
-4618427
-4617260
-4609678
-4607552
-4603392
-4601259
-4600949
-4598786
-4595074
-4592228
-4590268
-4586800
-4586639
-4584657
-4583240
-4579213
-4571129
-4569666
-4560431
-4559031
-4554254
-4551497
-4551306
-4550335
-4545879
-4545408
-4544161
-4541886
-4537470
-4533142
-4526039
-4525859
-4525688
-4520469
-4519565
-4515059
-4513942
-4511073
-4509627
-4508259
-4506122
-4505171
-4505143
-4504742
-4499906
-4499526
-4496883
-4496711
-4496087
-4495239
-4494801
-4486753
-4486678
-4483083
-4482721
-4471563
-4468670
-4467884
-4466861
-4462759
-4462107
-4462042
-4461814
-4461376
-4460686
-4460663
-4457852
-4456337
-4450235
-4450195
-4449415
-4448901
-4447678
-4447542
-4447245
-4447109
-4443221
-4440226
-4439900
-4439087
-4439023
-4435694
-4434589
-4431759
-4431742
-4427804
-4426353
-4421171
-4421081
-4420877
-4418765
-4416779
-4413625
-4412476
-4412237
-4412067
-4407461
-4403578
-4401435
-4401030
-4400281
-4398394
-4392892
-4392645
-4391628
-4391027
-4390346
-4389220
-4385919
-4385820
-4384329
-4383311
-4381560
-4380932
-4380538
-4379850
-4376120
-4372803
-4372409
-4372086
-4365249
-4362221
-4361967
-4360051
-4359401
-4358802
-4356774
-4355909
-4355067
-4352415
-4347503
-4346536
-4343795
-4342961
-4336368
-4333289
-4333166
-4332296
-4330980
-4328630
-4327895
-4324840
-4321575
-4321103
-4319971
-4316141
-4309848
-4309667
-4303199
-4302840
-4302720
-4302183
-4301658
-4300139
-4299937
-4298040
-4295576
-4294595
-4293186
-4292286
-4289271
-4286536
-4278666
-4277090
-4271306
-4270192
-4270017
-4268485
-4264301
-4263732
-4263410
-4262528
-4259905
-4259739
-4258864
-4256431
-4256049
-4254957
-4254250
-4253191
-4251948
-4248839
-4248288
-4247897
-4244971
-4244524
-4242537
-4241898
-4240993
-4240533
-4239585
-4238775
-4238200
-4235541
-4234875
-4233693
-4233311
-4232742
-4232478
-4226226
-4217715
-4216715
-4215996
-4214274
-4213074
-4212432
-4212402
-4211715
-4210338
-4209511
-4205472
-4204823
-4204712
-4204228
-4203419
-4200145
-4197839
-4197602
-4194872
-4194776
-4192952
-4191209
-4190117
-4189196
-4188174
-4186738
-4185272
-4183725
-4183503
-4182304
-4168945
-4168038
-4163222
-4160830
-4159040
-4154932
-4154149
-4148351
-4146324
-4142811
-4140281
-4139391
-4139168
-4133617
-4129113
-4127038
-4126110
-4125083
-4123784
-4122986
-4122340
-4120356
-4119991
-4113218
-4112636
-4112363
-4109190
-4105531
-4100881
-4097710
-4090050
-4087334
-4085521
-4083776
-4083509
-4078657
-4072764
-4071902
-4070096
-4069946
-4068038
-4066354
-4064245
-4063694
-4063271
-4063266
-4061528
-4058656
-4057988
-4056067
-4054509
-4053758
-4052587
-4052384
-4044481
-4043820
-4043562
-4043191
-4040758
-4040454
-4039407
-4036150
-4033971
-4032457
-4029529
-4019352
-4013671
-4011243
-4008307
-4008277
-3997729
-3996873
-3993792
-3990236
-3989274
-3988933
-3987376
-3984854
-3982276
-3981833
-3981031
-3979136
-3978437
-3978193
-3977980
-3976758
-3976033
-3974267
-3972778
-3968548
-3966630
-3965730
-3964250
-3956522
-3954102
-3952525
-3949962
-3946642
-3944970
-3944669
-3944299
-3944031
-3942466
-3940073
-3939939
-3936908
-3934544
-3933086
-3931984
-3931121
-3930657
-3929306
-3926938
-3923784
-3920815
-3916301
-3916160
-3915886
-3914417
-3914247
-3914203
-3912579
-3911889
-3910218
-3909191
-3909014
-3906852
-3906406
-3904853
-3903120
-3902118
-3901947
-3894194
-3890674
-3887271
-3884163
-3883380
-3882486
-3877808
-3873903
-3872837
-3867566
-3866801
-3866472
-3862394
-3862216
-3861917
-3859654
-3859649
-3854246
-3850548
-3847908
-3846687
-3846255
-3840280
-3839033
-3837058
-3836925
-3830974
-3829937
-3821244
-3821067
-3817548
-3814749
-3813459
-3813244
-3812479
-3812443
-3808986
-3808431
-3807319
-3806258
-3802816
-3801863
-3801310
-3800982
-3797237
-3794651
-3787975
-3787476
-3783053
-3782220
-3773830
-3771282
-3770952
-3768161
-3767386
-3767289
-3766368
-3765874
-3762677
-3761008
-3760604
-3758498
-3753417
-3752060
-3751391
-3748181
-3742631
-3742233
-3741602
-3741292
-3740126
-3739489
-3738811
-3734578
-3732918
-3729486
-3729387
-3728569
-3728325
-3727982
-3725745
-3725693
-3724890
-3719122
-3713528
-3712861
-3709315
-3705090
-3704312
-3702143
-3701742
-3700036
-3698972
-3696108
-3694788
-3688159
-3683966
-3680153
-3674573
-3669645
-3661648
-3658042
-3652954
-3650457
-3646570
-3646317
-3645327
-3642275
-3640757
-3640515
-3640374
-3638341
-3632766
-3632707
-3630858
-3626310
-3622652
-3619082
-3614601
-3613317
-3612350
-3612092
-3611745
-3611347
-3610850
-3610423
-3607986
-3607631
-3607021
-3602156
-3601065
-3601043
-3600427
-3598722
-3597797
-3597084
-3595604
-3589702
-3585576
-3583085
-3580600
-3575265
-3569703
-3565776
-3564959
-3562996
-3561713
-3561599
-3560502
-3554863
-3554490
-3553308
-3550999
-3550387
-3549424
-3544711
-3543716
-3543312
-3541869
-3540629
-3539990
-3532636
-3529808
-3529308
-3526888
-3523995
-3522930
-3517622
-3516666
-3513779
-3505055
-3504310
-3503438
-3503065
-3502588
-3500375
-3496971
-3493679
-3490499
-3490494
-3490359
-3485164
-3481926
-3480869
-3478686
-3477729
-3475342
-3474986
-3474596
-3473747
-3472808
-3466909
-3465218
-3461450
-3461194
-3459738
-3458509
-3458298
-3458161
-3457397
-3456851
-3449770
-3449580
-3449304
-3446736
-3443744
-3443359
-3442371
-3441669
-3432502
-3430276
-3428732
-3426170
-3426086
-3423013
-3421563
-3421337
-3419941
-3419797
-3416204
-3415705
-3413746
-3413722
-3413680
-3412635
-3410143
-3406707
-3404089
-3402574
-3399807
-3399718
-3397263
-3396584
-3396150
-3395803
-3395477
-3395347
-3392401
-3391570
-3387076
-3386509
-3385708
-3385220
-3381539
-3381112
-3380333
-3379043
-3376432
-3368476
-3367857
-3367770
-3366260
-3360895
-3359586
-3356271
-3355463
-3353587
-3353410
-3353242
-3352484
-3351163
-3350687
-3349531
-3348726
-3347787
-3345134
-3341699
-3340019
-3337415
-3336433
-3335411
-3333088
-3330894
-3328910
-3324953
-3323700
-3322984
-3322825
-3318318
-3311251
-3310854
-3307598
-3306708
-3304588
-3302593
-3301571
-3300535
-3299773
-3298886
-3298303
-3297890
-3297729
-3295843
-3294620
-3294050
-3291112
-3290840
-3288941
-3287278
-3285484
-3284428
-3283289
-3279595
-3278401
-3278136
-3271879
-3271189
-3269025
-3267445
-3264135
-3263081
-3259663
-3251707
-3245623
-3238834
-3236465
-3228105
-3227864
-3227596
-3227446
-3226717
-3225972
-3222407
-3220995
-3218241
-3217130
-3204997
-3202003
-3201909
-3199837
-3197760
-3196572
-3196121
-3195579
-3194640
-3193634
-3192479
-3190907
-3190091
-3188911
-3187127
-3185487
-3184354
-3180312
-3178153
-3172404
-3171635
-3171518
-3171321
-3166960
-3166416
-3165074
-3161950
-3161744
-3158576
-3149585
-3147155
-3146736
-3142753
-3139398
-3134043
-3132348
-3131948
-3129988
-3127249
-3125320
-3124231
-3120943
-3120732
-3119664
-3118727
-3117831
-3117738
-3116211
-3114894
-3114803
-3114789
-3112417
-3109908
-3108774
-3106882
-3105307
-3105125
-3103823
-3102697
-3098727
-3098325
-3090958
-3090423
-3089599
-3085537
-3084741
-3083593
-3082343
-3081294
-3078160
-3076878
-3075102
-3074977
-3073007
-3071257
-3069078
-3067710
-3066562
-3065664
-3064483
-3063775
-3055749
-3054914
-3054437
-3052992
-3050905
-3049865
-3048916
-3047928
-3047008
-3044842
-3041349
-3040747
-3039568
-3036603
-3034936
-3034759
-3032959
-3031563
-3029436
-3027259
-3026116
-3025141
-3022649
-3021095
-3020401
-3019581
-3017164
-3015481
-3014122
-3010414
-3006684
-3005752
-3005134
-3000912
-2998040
-2997477
-2996534
-2994715
-2993675
-2993412
-2992009
-2991890
-2990687
-2990189
-2988399
-2985978
-2983249
-2982544
-2980673
-2979734
-2977837
-2977776
-2974994
-2973199
-2968968
-2967510
-2965607
-2961628
-2959519
-2958041
-2958024
-2957369
-2956803
-2954767
-2954420
-2953367
-2941745
-2937925
-2937152
-2933874
-2932577
-2932282
-2930955
-2930829
-2928163
-2927928
-2927263
-2925493
-2924939
-2923652
-2919258
-2916562
-2916077
-2915122
-2914537
-2912493
-2911859
-2911644
-2908068
-2901616
-2900545
-2899824
-2897272
-2897204
-2897068
-2889660
-2885224
-2884699
-2884432
-2884177
-2883508
-2883239
-2879370
-2878249
-2876024
-2870211
-2869022
-2867521
-2862692
-2860122
-2858682
-2858102
-2856284
-2856136
-2855900
-2855891
-2855298
-2854969
-2851628
-2849021
-2846025
-2845774
-2843069
-2840808
-2840157
-2839589
-2837657
-2833955
-2830811
-2825308
-2810424
-2808720
-2808233
-2804559
-2803811
-2802713
-2798208
-2796640
-2795012
-2793128
-2790936
-2790356
-2789716
-2789335
-2787062
-2786371
-2783929
-2783632
-2780473
-2776325
-2775472
-2774958
-2774824
-2774272
-2772821
-2770281
-2768138
-2761082
-2760844
-2758957
-2758060
-2757106
-2756653
-2755145
-2754534
-2754105
-2752893
-2752352
-2751528
-2751312
-2739823
-2739096
-2737014
-2736847
-2734848
-2733651
-2732974
-2730316
-2729668
-2725241
-2718386
-2713270
-2712994
-2711198
-2709307
-2709070
-2705523
-2702018
-2701681
-2701303
-2701294
-2700019
-2697777
-2691605
-2690335
-2690193
-2689662
-2689208
-2687353
-2686777
-2684655
-2683448
-2681321
-2668976
-2668962
-2664302
-2661668
-2656442
-2655101
-2654848
-2650182
-2649957
-2649734
-2649611
-2647930
-2647741
-2646545
-2645201
-2637031
-2629289
-2628904
-2628163
-2625954
-2623750
-2618634
-2618269
-2615720
-2614722
-2613589
-2613208
-2611641
-2607854
-2605175
-2603971
-2603841
-2600829
-2597074
-2596591
-2595898
-2595898
-2593954
-2593695
-2592606
-2591480
-2590638
-2590122
-2589973
-2589918
-2586136
-2585830
-2585055
-2584034
-2581363
-2579416
-2578885
-2578594
-2577331
-2575940
-2574908
-2573067
-2572340
-2572214
-2570492
-2569369
-2569306
-2567875
-2565750
-2563767
-2560085
-2556247
-2554942
-2554594
-2551523
-2547276
-2544760
-2542764
-2542692
-2541371
-2539351
-2537760
-2536081
-2536055
-2535823
-2533519
-2531124
-2529459
-2528740
-2523561
-2522586
-2520255
-2520082
-2518960
-2517952
-2517090
-2515852
-2510783
-2510607
-2509537
-2508647
-2501673
-2499621
-2498519
-2494592
-2491947
-2489902
-2487280
-2485837
-2484799
-2482998
-2481333
-2480589
-2480077
-2477131
-2476632
-2475191
-2474489
-2458779
-2457224
-2446859
-2445482
-2445155
-2444341
-2442723
-2442369
-2441994
-2440245
-2439678
-2438088
-2435245
-2432498
-2432195
-2430481
-2429418
-2429004
-2428238
-2423297
-2418453
-2414710
-2413914
-2409404
-2408696
-2407012
-2401056
-2398347
-2397172
-2393873
-2389986
-2387546
-2385366
-2384368
-2383294
-2381981
-2381159
-2379493
-2378507
-2376734
-2375800
-2368813
-2367983
-2364869
-2361588
-2357286
-2353121
-2350545
-2348842
-2348645
-2348345
-2347252
-2342378
-2340834
-2338839
-2335718
-2330495
-2327817
-2327338
-2327043
-2325276
-2323694
-2314127
-2314097
-2310410
-2310088
-2309397
-2307687
-2304738
-2304658
-2304064
-2299952
-2295336
-2294251
-2291406
-2288241
-2285752
-2279103
-2278640
-2274864
-2274522
-2273689
-2273438
-2271906
-2270603
-2269453
-2266547
-2265087
-2252704
-2252123
-2250477
-2245679
-2245238
-2244773
-2239434
-2238298
-2235185
-2234363
-2229947
-2227193
-2224354
-2223539
-2222671
-2222447
-2222112
-2220623
-2220611
-2219499
-2218920
-2218229
-2218052
-2216872
-2212573
-2212504
-2211413
-2209131
-2205868
-2205112
-2203700
-2202150
-2202043
-2201542
-2200603
-2200240
-2197535
-2195311
-2194975
-2193260
-2191668
-2191184
-2189952
-2182535
-2182502
-2179688
-2176882
-2176224
-2174888
-2174712
-2173905
-2173102
-2164125
-2162636
-2162066
-2161637
-2159980
-2159381
-2159377
-2150967
-2149982
-2148008
-2144430
-2143564
-2140080
-2132231
-2126290
-2124615
-2124537
-2123716
-2122862
-2120640
-2118956
-2117688
-2117037
-2114514
-2112291
-2111427
-2106206
-2101636
-2101589
-2101008
-2099166
-2098203
-2097482
-2095281
-2093928
-2092819
-2091521
-2091346
-2091055
-2090743
-2090568
-2089393
-2088750
-2086920
-2086764
-2079114
-2078923
-2072049
-2071780
-2071667
-2071149
-2070868
-2070342
-2069181
-2069086
-2067938
-2065772
-2062067
-2061538
-2060642
-2056671
-2055340
-2051044
-2049859
-2049248
-2045938
-2044599
-2043812
-2042648
-2041622
-2040994
-2038935
-2038328
-2033546
-2031857
-2027593
-2024385
-2023354
-2018717
-2018431
-2018192
-2016392
-2015401
-2015250
-2015051
-2014560
-2013344
-2010903
-2009952
-2003970
-2001395
-2001365
-2001002
-1999026
-1997094
-1996625
-1995268
-1994669
-1986871
-1986811
-1985728
-1984249
-1977801
-1977733
-1976964
-1976913
-1975699
-1975081
-1970675
-1968670
-1968579
-1966849
-1963931
-1959376
-1957721
-1955347
-1955003
-1950842
-1947418
-1946089
-1942897
-1942186
-1940174
-1939850
-1938815
-1938635
-1937224
-1937054
-1937051
-1932587
-1927484
-1926406
-1924262
-1922414
-1921168
-1919157
-1918795
-1917740
-1913656
-1912336
-1911923
-1910111
-1907490
-1906232
-1903655
-1901987
-1900929
-1897964
-1896792
-1891614
-1890571
-1885417
-1884131
-1879318
-1878502
-1877060
-1876116
-1873754
-1872138
-1870929
-1868540
-1863822
-1863356
-1861464
-1859290
-1855455
-1854631
-1852793
-1850824
-1849580
-1847607
-1845456
-1844276
-1844191
-1839085
-1838785
-1835677
-1827338
-1825565
-1824093
-1822849
-1820838
-1820272
-1816543
-1815849
-1815133
-1813890
-1813326
-1812693
-1808321
-1808065
-1807375
-1803847
-1802876
-1800186
-1798446
-1796705
-1796641
-1796499
-1796419
-1793780
-1793370
-1793348
-1789897
-1788773
-1787335
-1787257
-1783015
-1782085
-1781898
-1781871
-1777507
-1776372
-1773190
-1768313
-1767896
-1766969
-1760818
-1759921
-1756986
-1751141
-1749293
-1747489
-1746520
-1745342
-1745025
-1742681
-1741094
-1738077
-1734159
-1733321
-1727065
-1726400
-1726178
-1723888
-1722965
-1722959
-1722694
-1718737
-1713851
-1713239
-1712632
-1712156
-1711602
-1711187
-1708889
-1708059
-1705946
-1703927
-1703278
-1701648
-1700955
-1696029
-1694687
-1694397
-1689276
-1683403
-1682488
-1682054
-1681489
-1681049
-1675726
-1671825
-1670693
-1670110
-1667911
-1665997
-1665246
-1662342
-1658984
-1658148
-1654392
-1653349
-1652268
-1652173
-1651760
-1649178
-1647380
-1646381
-1646288
-1645664
-1645577
-1645343
-1643667
-1642113
-1640749
-1640229
-1636718
-1634595
-1633156
-1631944
-1630548
-1628401
-1626411
-1625611
-1624721
-1623986
-1623268
-1622549
-1621252
-1617347
-1616491
-1615088
-1612974
-1609477
-1606464
-1606288
-1606121
-1605422
-1602209
-1595717
-1595096
-1594637
-1591134
-1590497
-1589712
-1588979
-1587712
-1583678
-1582933
-1582885
-1581095
-1577949
-1572545
-1569087
-1568686
-1566910
-1564434
-1564136
-1558169
-1557548
-1556709
-1547069
-1545678
-1545621
-1544046
-1540428
-1539462
-1538325
-1538250
-1537973
-1533032
-1532560
-1532164
-1531250
-1531025
-1529259
-1527450
-1526626
-1523311
-1523198
-1521430
-1519844
-1518692
-1517475
-1516872
-1516530
-1510285
-1509524
-1509316
-1508579
-1508565
-1507279
-1503336
-1502521
-1499477
-1493622
-1492651
-1485996
-1483115
-1480489
-1478765
-1475823
-1474610
-1473068
-1468549
-1467182
-1464650
-1462018
-1461699
-1454719
-1450971
-1447665
-1447241
-1439755
-1435392
-1433955
-1429635
-1429529
-1428994
-1427885
-1426883
-1426876
-1426677
-1426558
-1425444
-1425230
-1424110
-1421198
-1420272
-1417050
-1412667
-1412065
-1410736
-1409897
-1409431
-1406620
-1405490
-1403829
-1403397
-1401302
-1398222
-1397465
-1389196
-1387893
-1383536
-1382178
-1379408
-1376894
-1376798
-1375792
-1374593
-1370906
-1369003
-1368547
-1364571
-1363531
-1361321
-1360122
-1358150
-1356785
-1353474
-1353174
-1351223
-1349133
-1348769
-1347846
-1346956
-1345718
-1342142
-1341073
-1338267
-1336734
-1336108
-1332513
-1330913
-1329560
-1329361
-1328826
-1327951
-1327700
-1324134
-1323990
-1323778
-1323712
-1323366
-1321209
-1320470
-1320240
-1317187
-1307201
-1305236
-1304625
-1303501
-1302028
-1301652
-1301287
-1300268
-1299920
-1299546
-1298192
-1296148
-1288525
-1285038
-1283801
-1281240
-1279274
-1278659
-1275254
-1270499
-1270377
-1268277
-1265231
-1263513
-1253296
-1252178
-1250503
-1249442
-1249355
-1248292
-1246308
-1242440
-1238602
-1238113
-1237577
-1236750
-1236665
-1236431
-1235648
-1233827
-1231814
-1227585
-1227571
-1225448
-1224360
-1224219
-1220872
-1219925
-1218582
-1214319
-1209585
-1207779
-1202598
-1200997
-1196562
-1189170
-1187148
-1187117
-1185987
-1182784
-1182027
-1180889
-1180374
-1177793
-1177658
-1174828
-1172771
-1171449
-1167921
-1166011
-1165731
-1165029
-1165005
-1161979
-1159108
-1157511
-1155325
-1154777
-1149342
-1147161
-1146886
-1145378
-1144689
-1141539
-1140817
-1138566
-1136932
-1134488
-1132209
-1124075
-1121450
-1115928
-1115589
-1114041
-1111476
-1110848
-1108470
-1107884
-1106659
-1100647
-1099752
-1095742
-1095375
-1093079
-1092168
-1090040
-1087566
-1083803
-1077171
-1076404
-1070810
-1067060
-1065888
-1065119
-1063406
-1057905
-1057214
-1055088
-1054376
-1050850
-1045725
-1043147
-1042537
-1040461
-1039733
-1035701
-1034550
-1034331
-1032894
-1030422
-1026525
-1026500
-1025042
-1023027
-1022522
-1022345
-1020259
-1018965
-1017612
-1016152
-1016082
-1015700
-1013944
-1012252
-1010774
-1009310
-1008689
-1007000
-1004030
-1001666
-999150
-997384
-996491
-994626
-993646
-990642
-987746
-986025
-985553
-983008
-981095
-974932
-973369
-972655
-972202
-971450
-971211
-970591
-968573
-963790
-963010
-962477
-961399
-960689
-959973
-956286
-956004
-955165
-953213
-950985
-950639
-950450
-949275
-948769
-948718
-947869
-947070
-944082
-941138
-941092
-939913
-939327
-939290
-938973
-931894
-928648
-926614
-925003
-923778
-920950
-920569
-918410
-917588
-916063
-914725
-914022
-911946
-910756
-909598
-906983
-904157
-903266
-903038
-900789
-896197
-894377
-893333
-892823
-892195
-892108
-891068
-890947
-889029
-887509
-886732
-884569
-883962
-882973
-882856
-881211
-878489
-878053
-877804
-872846
-869758
-869464
-868911
-868829
-868291
-867667
-867642
-866591
-864171
-862114
-860001
-858827
-857003
-846644
-845898
-841986
-841456
-840625
-840202
-840029
-836931
-836554
-835051
-834175
-829883
-828041
-825974
-823593
-823070
-820120
-818320
-815109
-812248
-811843
-809417
-803097
-801200
-799529
-798294
-797880
-790192
-789547
-784959
-781954
-778976
-777754
-776600
-776316
-772876
-771098
-767015
-766945
-766698
-765970
-761019
-759203
-758539
-757707
-756985
-756930
-752914
-751335
-748898
-746390
-746288
-744312
-742614
-742145
-741433
-741313
-738649
-736822
-736612
-736540
-735251
-735025
-734987
-731033
-729610
-727150
-721685
-712435
-709942
-708025
-707961
-707574
-707468
-701111
-699966
-695073
-694882
-693245
-688470
-688150
-686650
-683412
-683260
-683145
-683050
-675659
-669071
-666896
-665631
-664266
-660840
-658515
-657796
-657217
-656325
-653273
-652696
-652079
-648603
-643050
-643047
-641461
-640283
-635926
-630543
-628844
-628022
-626607
-624574
-621510
-617807
-616794
-615940
-615526
-615167
-607290
-607251
-602232
-602044
-601088
-599185
-599085
-596064
-593003
-591594
-590512
-590363
-582580
-581324
-578847
-578516
-578473
-578340
-577476
-576749
-573933
-562792
-557307
-557209
-555453
-553923
-551543
-547285
-547252
-545842
-544696
-542839
-542312
-540141
-535727
-531092
-530675
-525661
-523631
-520548
-520076
-519787
-517206
-517062
-514735
-513716
-511063
-510797
-507263
-501713
-501594
-495255
-493920
-491965
-489064
-488933
-487007
-485375
-479266
-476579
-476193
-473714
-470142
-465421
-464106
-462254
-460439
-456527
-456449
-455281
-452465
-450507
-450440
-449675
-449447
-445921
-442628
-440600
-437938
-433527
-432238
-428919
-427274
-425381
-424369
-422241
-421910
-420844
-418754
-416435
-415933
-415079
-414293
-413178
-412262
-408668
-408668
-407265
-407013
-405699
-404889
-401896
-401044
-400629
-391058
-391052
-389717
-388868
-387848
-387422
-385617
-385104
-384204
-381428
-380919
-380166
-378343
-371557
-371258
-369106
-368521
-364385
-362742
-361976
-360967
-359931
-358344
-356217
-352658
-352038
-351953
-350640
-349263
-343586
-342528
-341282
-338953
-335349
-333812
-331963
-328230
-327204
-326115
-322465
-320559
-316746
-315653
-313173
-312836
-310880
-310696
-305629
-304923
-302355
-300657
-300562
-300334
-296164
-291893
-285656
-282670
-280948
-280332
-280279
-277978
-276839
-274932
-274118
-273987
-273740
-268044
-265656
-265311
-263288
-260909
-257526
-255640
-255402
-253203
-247507
-245936
-244438
-243199
-242046
-239215
-238939
-234515
-229583
-229339
-229039
-228684
-222800
-222757
-221074
-214312
-213979
-209369
-209098
-203288
-196137
-189506
-187424
-185117
-183136
-182714
-180885
-179907
-179022
-177384
-175261
-171342
-167829
-159964
-158178
-153033
-151942
-151277
-149386
-149349
-147754
-144562
-144148
-143606
-141372
-136196
-133203
-131584
-128407
-124833
-124285
-122566
-121210
-121169
-119342
-117573
-116149
-114972
-111458
-111403
-110838
-110438
-109814
-108756
-106328
-105824
-104357
-102762
-95645
-95103
-94313
-90162
-88583
-87875
-86838
-86481
-86398
-86082
-79968
-79842
-79711
-78201
-76402
-72747
-72745
-72542
-70800
-66685
-65540
-65043
-64812
-58774
-57888
-54877
-52338
-47783
-46192
-44947
-42447
-40987
-37172
-33084
-33036
-28291
-26405
-23645
-23415
-21630
-21409
-19697
-16579
-15804
-13129
-12422
-11666
-10140
-9455
-9352
-6794
-3689
840
1064
3160
3187
7755
8141
10812
12422
14647
14855
18004
18684
22272
27735
29633
30531
35772
39764
40125
42419
42915
49556
50577
53214
53644
55561
55589
60268
63438
64028
64072
67441
69067
72406
76084
77926
78372
78927
81298
82339
84074
84428
84796
86682
89386
97542
99457
103674
104837
106330
106677
110496
110982
111016
118215
119279
120758
120898
121080
123637
125071
125310
127190
132940
135141
136870
137968
144779
148155
148881
155199
155677
156363
157843
160706
162167
165526
165665
165808
168953
172764
173315
174709
175414
175472
176311
176561
177598
179793
181241
184064
187207
189738
192657
192740
194214
198291
202415
202485
205334
206181
206885
213309
214471
214715
218635
223771
224520
225475
226218
234699
234715
235987
236660
240190
241327
241803
242546
248357
251559
251904
255537
256203
257397
259967
260284
261507
265036
265903
268382
268411
269574
271138
271527
275968
277071
280243
284243
284459
287507
289309
289360
290963
294003
296902
297671
298008
299492
300355
302125
303326
307017
310412
310670
312649
313477
316871
317639
322894
324945
326070
330762
332955
333778
334318
334710
336182
336814
337008
341420
341610
341682
342472
343000
354866
354934
354938
355684
359668
360323
363514
363945
367376
368241
369335
370994
373130
373793
375046
377011
378986
379104
382051
382869
384214
385587
390093
391027
391593
398136
398364
398515
399359
404214
409976
414063
415287
415421
419899
420192
422819
430497
430859
434608
438891
440399
440440
441922
449404
451220
451871
452404
455133
455249
457471
461999
463185
463493
463593
464680
467384
468462
469379
470980
472571
474862
475555
477347
477780
479011
481148
482813
484521
486773
487470
488599
488921
493735
495608
497514
499438
500943
506626
509411
511636
518669
519547
519784
521336
521860
522448
523804
524236
524619
527073
530436
532341
535609
537703
540458
546320
546936
550130
551548
557591
560495
560828
561639
562811
562888
565999
566964
568052
569366
570936
571921
573985
579215
582243
583041
585783
585830
587262
588484
598318
601080
603943
613477
613990
614754
615012
616138
616189
616883
617801
619735
623827
625869
626371
628686
630541
632719
632797
633019
633573
635790
638087
640717
640797
641818
643285
647210
652553
653617
655028
655517
656688
658936
659353
661420
663305
664115
665543
667332
668022
669569
670097
671607
672670
673007
673713
677304
678514
682538
684938
685375
685778
686430
689744
691294
691295
692030
693525
695628
696522
706555
709435
712214
712447
712844
716429
718399
718592
722251
727322
727518
730147
732020
734078
735184
737249
738433
740883
741023
743756
744573
744903
745547
747616
749328
752340
757472
757552
761394
767322
772049
773262
775190
775472
776796
780357
780615
782003
782446
782551
786112
789104
791590
791700
794781
799381
800938
803258
804269
806828
810142
811383
814853
816862
819020
821966
823326
823594
828805
830393
832705
833025
834230
835773
836179
839368
840197
841189
843143
845990
846405
847746
848309
850004
853288
853428
854805
855041
857462
858122
858339
859013
861206
861716
871257
872070
873694
875101
875262
877091
881980
886352
887820
887861
888733
890427
892302
894446
895823
896118
896943
899668
903136
905047
907141
909671
914042
921666
923074
923235
925722
933271
933868
935461
936666
937721
937926
940354
944412
945432
945546
945969
951533
951795
955194
955672
961643
963094
966821
967247
970820
971172
974149
974278
980896
984416
984853
985906
986698
987571
992421
993951
1003500
1005136
1007047
1008147
1008539
1010242
1011165
1011487
1015241
1015646
1016370
1016761
1018109
1021428
1022083
1027672
1029036
1036353
1037042
1040808
1041017
1041951
1048081
1049035
1055472
1058007
1060100
1060411
1062378
1062610
1063888
1065296
1065614
1070608
1071616
1072191
1078128
1082576
1083372
1084929
1088814
1089443
1089706
1091769
1094156
1094544
1095447
1095803
1098309
1099109
1099440
1101692
1104704
1104867
1108322
1110909
1110948
1111593
1113521
1114268
1114839
1117343
1119314
1121113
1122185
1122807
1123507
1125939
1127226
1127680
1129187
1129276
1130181
1130662
1131288
1131501
1131600
1131896
1134913
1134945
1139696
1143783
1144519
1144856
1149053
1149893
1150019
1150988
1153298
1154566
1158714
1158985
1159833
1160152
1163058
1164233
1164435
1165256
1165982
1166107
1166457
1166546
1172894
1177914
1181064
1187889
1195039
1197005
1198341
1202243
1203371
1205211
1210482
1210942
1220933
1221500
1222646
1225539
1226661
1227774
1228451
1229631
1230497
1232232
1233699
1234376
1237066
1238513
1238798
1242039
1244932
1249077
1258168
1259667
1259764
1261254
1263224
1264611
1267158
1267429
1269349
1272247
1274965
1276081
1279843
1280800
1284095
1284250
1284328
1288765
1288888
1289343
1290061
1291205
1292272
1297932
1300676
1302154
1303013
1307375
1308075
1310622
1315706
1316272
1320937
1325033
1328522
1329266
1331229
1331670
1332662
1334366
1335660
1336106
1336577
1337853
1338300
1340002
1342455
1343300
1343316
1345938
1350802
1352713
1356466
1360128
1367001
1369901
1370027
1371642
1372126
1374382
1377004
1380576
1382661
1382661
1383644
1384298
1389083
1389181
1389401
1389866
1390881
1391635
1392046
1392574
1394433
1395648
1397226
1399825
1400166
1401061
1401712
1402005
1403075
1404305
1406000
1406818
1408733
1409345
1410377
1411391
1412543
1416229
1417861
1419083
1421335
1422107
1424843
1425992
1427550
1428000
1429952
1431386
1436009
1440144
1441785
1444581
1446303
1447007
1451024
1451936
1452488
1455077
1456628
1458049
1459930
1461459
1462980
1465874
1466605
1467589
1469063
1471155
1472488
1475621
1476159
1476845
1478337
1483415
1484425
1485728
1487455
1487513
1490606
1490821
1496340
1499938
1502516
1504343
1505387
1506292
1507544
1507962
1508057
1516571
1518084
1520460
1523342
1525130
1526589
1526700
1527595
1529044
1532080
1532323
1534856
1551858
1556005
1556230
1558443
1561752
1562424
1564852
1564940
1565256
1565648
1565673
1568636
1570428
1572768
1573475
1574284
1580383
1580442
1582572
1583443
1587436
1588906
1590329
1590671
1593560
1598029
1598178
1600463
1600994
1601118
1602876
1602994
1606814
1611336
1612013
1613912
1616276
1619705
1624548
1628650
1629141
1631818
1633213
1635903
1636297
1636803
1638601
1642980
1648360
1648764
1649227
1649828
1654504
1663011
1665035
1665272
1665610
1671175
1673806
1678101
1681404
1683222
1683325
1684178
1685360
1685451
1690232
1690524
1690801
1692577
1694368
1695288
1697321
1698840
1699749
1705922
1706102
1706551
1706862
1713042
1713968
1715268
1722426
1723707
1725063
1725615
1728407
1730396
1730426
1731901
1733736
1739718
1741135
1745793
1749523
1751003
1752595
1754455
1755004
1755677
1756603
1757721
1757806
1759071
1761145
1762021
1764938
1769280
1770541
1770712
1773080
1776785
1777760
1777826
1779083
1780219
1780783
1784558
1793266
1793648
1794893
1796098
1796653
1796777
1796872
1797478
1797538
1798765
1800939
1801436
1803503
1803612
1804491
1804853
1805125
1806867
1807680
1807829
1807933
1809317
1812232
1813608
1813657
1815730
1817044
1819908
1822833
1825747
1828173
1829416
1834560
1835882
1839145
1840697
1842146
1842164
1843119
1848391
1848876
1849076
1849637
1854759
1864669
1867292
1867448
1870021
1870988
1871404
1871860
1875684
1876663
1877997
1878521
1880569
1881659
1882735
1885652
1886853
1886959
1890136
1891231
1896861
1903311
1904152
1907614
1909661
1911276
1914712
1917293
1918089
1921446
1923803
1925153
1930482
1930495
1931495
1932729
1938395
1942518
1942546
1944246
1946948
1950326
1951698
1954423
1954742
1955559
1957546
1959868
1963395
1970421
1971925
1974405
1974953
1977360
1978679
1979021
1979044
1981578
1981755
1984011
1985205
1986314
1988611
1990379
1993785
1994522
1994884
1997490
1998721
1998832
2001673
2002966
2007570
2011532
2014680
2019102
2020144
2026134
2030046
2033550
2034061
2036489
2037474
2040885
2043384
2044132
2045535
2053478
2055084
2056044
2057146
2057686
2058974
2063208
2064265
2066955
2074140
2074403
2074665
2075400
2078144
2082551
2083115
2083784
2084195
2088754
2089249
2092635
2094881
2095282
2097942
2097985
2098885
2100488
2100549
2104900
2105261
2111961
2117015
2117940
2118286
2118674
2119228
2120222
2123385
2124019
2124311
2126908
2128085
2128527
2129065
2135045
2135231
2135382
2138763
2144998
2146302
2154673
2154820
2156677
2158009
2158280
2159804
2163601
2168942
2172319
2181837
2183723
2184288
2193386
2197437
2198083
2201617
2204251
2207233
2208565
2209913
2220755
2224245
2225186
2226067
2229187
2235519
2235802
2241815
2243026
2247213
2247908
2249520
2255522
2256861
2257334
2269155
2270010
2270613
2272060
2272425
2276241
2283704
2284635
2284822
2291459
2292964
2294672
2299964
2301203
2307981
2308421
2309889
2311994
2312806
2316943
2317284
2317724
2318369
2330419
2334238
2340919
2346409
2350828
2351134
2356091
2356716
2359124
2365947
2369471
2372580
2372794
2373721
2376223
2378410
2378829
2383139
2384266
2384770
2391177
2392157
2395731
2401288
2402935
2403807
2404257
2405091
2407271
2408437
2409573
2415302
2415903
2416914
2418126
2418697
2419634
2419671
2422018
2422134
2424514
2424863
2427787
2429262
2434419
2434799
2435245
2436207
2438320
2446588
2446989
2447283
2448134
2448470
2448601
2452523
2452802
2457404
2460104
2461367
2463493
2466587
2467567
2470866
2471255
2477475
2477830
2479340
2481282
2482160
2482750
2483733
2484189
2485081
2486848
2488358
2491418
2492538
2496930
2500398
2502223
2507901
2509634
2513341
2513824
2516288
2516289
2516645
2521134
2522176
2523177
2524926
2527043
2527627
2532788
2533936
2534474
2535951
2536492
2537158
2538140
2543589
2544330
2544511
2547152
2547516
2551172
2552113
2552287
2552793
2556688
2563601
2568283
2569233
2570796
2572824
2576129
2576661
2577401
2577459
2578504
2578531
2582120
2583312
2585659
2587973
2588577
2598722
2603285
2604619
2607983
2615632
2617077
2617620
2618416
2625682
2627774
2629790
2632982
2635026
2635037
2635927
2638721
2639164
2639798
2641483
2643841
2644383
2645811
2645995
2653668
2654019
2655921
2656825
2659192
2660120
2660699
2664249
2665355
2666945
2667969
2669974
2671528
2671874
2673140
2673643
2677755
2678659
2681804
2683602
2686072
2687706
2689159
2690846
2691357
2694215
2698717
2702785
2702955
2711324
2713448
2714233
2720570
2720739
2721031
2722013
2725908
2728731
2729223
2730473
2732419
2732876
2737049
2738549
2739287
2741434
2744041
2744187
2744452
2746116
2747483
2750820
2751501
2754103
2754996
2756494
2757013
2757761
2762505
2764578
2765366
2767219
2767531
2770149
2770780
2771986
2775465
2775505
2776054
2776221
2778058
2779374
2780903
2781137
2781538
2781881
2786847
2787693
2789140
2791281
2798387
2799499
2805129
2805666
2807388
2810832
2812683
2814050
2815263
2816932
2817495
2819438
2819500
2820449
2828817
2829632
2831009
2832171
2832511
2833568
2839020
2839954
2842799
2843202
2843355
2844034
2847484
2848086
2850960
2851677
2856785
2859640
2863794
2864821
2867469
2867741
2867998
2868496
2871651
2877007
2877018
2878282
2879332
2881454
2881465
2881784
2884577
2887907
2891268
2892109
2892955
2894526
2895286
2896530
2900709
2902013
2903036
2903891
2905518
2912409
2926162
2928970
2931589
2933709
2934399
2936808
2938989
2941150
2941188
2943153
2943244
2943905
2945405
2952284
2952286
2952633
2957709
2958862
2959513
2960273
2962548
2962786
2964448
2966379
2967490
2969596
2970576
2970748
2976130
2978737
2983261
2984726
2985342
2987550
2987973
2992338
2992554
2994239
2997178
3000690
3001864
3003014
3008024
3008164
3010815
3011601
3015217
3016903
3018880
3019038
3022308
3025207
3025690
3026355
3030677
3031631
3033061
3035461
3036194
3038465
3040270
3041998
3042969
3049435
3050240
3050570
3053789
3055006
3055300
3056531
3059734
3060010
3060598
3060899
3063706
3065033
3065573
3069092
3070610
3071738
3075946
3076668
3080057
3083843
3084865
3088287
3088906
3091332
3094553
3094935
3095061
3095605
3096813
3097439
3097471
3106383
3107473
3113674
3113754
3114474
3118907
3124247
3125405
3126320
3128348
3130977
3131398
3132025
3133089
3134153
3138345
3139979
3140798
3143466
3143746
3149671
3152571
3158820
3162363
3162486
3162913
3167001
3167164
3168948
3175739
3176287
3176639
3178429
3181813
3182973
3192430
3196448
3199600
3199855
3202891
3206167
3206951
3208656
3208856
3210484
3210869
3213213
3214922
3215483
3216292
3217342
3218695
3220677
3222573
3226722
3227157
3229075
3230993
3232010
3233111
3233471
3242425
3248210
3250350
3259349
3263489
3263791
3266699
3268082
3268304
3269846
3275680
3276252
3276299
3277269
3283036
3286867
3287886
3293270
3295666
3295914
3297530
3297566
3297781
3300461
3301096
3301426
3301655
3302179
3302895
3307106
3309526
3311062
3311650
3312989
3313026
3313936
3314018
3317034
3318625
3320912
3323513
3325037
3325716
3327028
3327077
3328780
3331595
3333708
3338645
3339112
3340046
3344505
3344676
3348044
3348105
3349611
3349645
3350811
3353462
3354845
3355140
3356184
3360281
3360596
3362216
3363173
3365300
3365317
3371083
3374595
3376129
3377940
3381196
3383591
3386366
3388964
3391358
3392700
3392918
3393932
3396039
3400806
3401684
3404152
3404177
3406555
3409344
3409820
3409871
3410058
3415136
3416797
3417261
3417308
3418608
3421891
3422263
3427020
3428692
3428807
3431479
3434347
3435222
3435761
3437158
3440032
3443875
3447539
3450188
3451581
3452563
3456655
3457855
3459300
3460233
3460833
3462304
3465915
3467012
3467904
3470564
3471219
3473415
3473978
3479360
3482610
3487704
3490742
3491213
3493879
3495424
3496203
3498246
3498687
3499169
3499518
3510415
3512893
3513280
3517984
3524720
3527359
3527911
3530236
3531318
3531806
3532979
3535737
3538300
3539791
3540410
3547233
3551155
3554084
3554499
3556116
3556448
3558668
3558842
3561093
3564164
3565221
3566706
3569295
3570021
3570148
3573471
3575187
3575416
3575522
3578349
3583625
3584509
3590036
3590074
3592113
3592697
3594586
3595300
3595985
3596321
3599401
3613555
3615987
3620959
3621210
3621381
3621726
3623336
3623735
3624023
3625241
3628499
3632039
3639866
3640771
3643183
3648017
3648796
3649382
3649903
3650373
3651104
3652546
3653239
3663810
3666249
3668378
3669110
3669698
3670954
3672418
3678289
3678772
3682111
3682368
3682930
3683281
3685738
3688021
3689334
3690107
3693375
3694480
3696989
3697243
3701984
3702493
3702929
3706728
3707919
3708368
3708866
3710298
3716233
3716676
3720184
3720891
3722908
3723119
3724137
3725118
3727263
3729706
3730585
3734322
3734400
3737913
3739155
3741100
3742828
3743793
3746735
3747225
3754514
3759061
3761081
3764637
3766040
3768840
3769090
3769313
3770944
3773468
3775417
3775660
3780620
3781450
3782050
3783212
3785506
3786053
3790189
3795099
3795604
3796009
3799046
3799213
3801236
3806637
3810148
3810294
3811767
3814514
3816471
3821774
3823888
3825082
3827406
3829247
3834128
3839452
3839462
3841883
3844688
3845738
3846203
3848335
3849292
3849397
3850094
3850333
3851203
3854457
3856323
3856727
3858733
3860274
3861412
3865569
3866238
3867750
3873394
3879639
3879990
3882046
3882377
3882895
3884263
3885061
3886260
3890391
3894571
3895426
3895876
3896007
3899058
3899543
3901552
3902812
3903643
3903674
3904671
3910907
3917805
3917952
3926673
3928572
3929866
3930050
3931091
3932882
3942770
3946420
3949391
3949532
3950003
3952812
3955562
3956278
3956584
3960118
3962003
3965567
3966416
3976281
3978416
3978539
3979001
3979786
3981333
3981727
3982746
3983782
3984234
3986392
3986949
3989387
3989822
3990051
3994959
3995415
3997506
3998161
3999547
4000605
4002489
4003779
4005074
4009135
4009278
4011996
4012109
4014086
4015745
4018845
4020890
4020892
4025999
4026757
4029271
4030208
4031800
4034102
4035485
4037792
4040501
4045866
4047754
4050318
4054250
4055309
4058743
4059758
4060953
4061105
4064535
4065174
4067037
4070349
4070805
4070939
4072556
4073340
4079191
4080650
4080993
4082079
4086227
4088460
4089130
4089990
4094242
4096506
4097602
4098873
4098971
4099949
4101663
4109459
4110144
4110613
4114730
4116516
4117048
4117260
4118064
4122614
4124735
4124861
4126588
4128425
4134077
4135114
4135449
4135772
4141427
4142233
4147572
4147620
4150230
4153245
4159113
4161994
4163898
4169400
4169996
4171447
4171575
4173143
4176149
4178132
4181489
4183879
4185947
4186947
4189124
4195728
4199592
4203878
4204132
4204416
4211144
4215456
4215831
4216576
4218615
4219908
4222763
4227043
4227879
4229247
4231418
4235585
4236566
4240572
4242827
4247785
4248301
4249432
4250504
4265485
4265690
4272200
4276820
4277015
4278573
4282844
4286302
4290262
4290611
4291036
4293614
4293812
4294310
4302770
4307725
4309380
4310343
4311440
4313465
4314274
4314929
4315710
4316730
4322572
4324386
4324411
4329490
4329698
4330056
4332116
4333468
4335274
4335662
4338121
4338302
4340439
4340619
4345927
4346128
4347070
4349078
4349878
4352002
4356693
4357461
4357802
4359607
4361439
4366029
4366664
4367248
4367734
4369717
4371191
4372448
4372707
4375972
4377141
4377270
4382115
4383566
4390308
4393290
4394920
4397378
4398629
4399328
4404491
4405224
4411356
4414341
4416012
4416506
4421208
4421553
4424724
4428111
4430682
4431152
4432415
4439352
4439508
4440052
4440241
4441976
4443777
4446746
4447764
4449383
4451554
4462786
4464468
4464917
4467281
4467786
4475329
4478396
4483077
4483927
4487058
4490242
4490385
4492498
4495563
4496740
4500075
4500951
4501468
4502900
4505076
4505611
4506120
4507328
4508290
4509874
4513919
4514042
4515008
4518252
4520609
4520706
4521093
4521856
4524833
4525384
4530023
4530987
4531716
4531904
4536312
4538614
4540153
4540794
4541846
4542085
4544619
4547408
4547839
4548759
4549021
4551805
4554476
4554964
4556595
4556870
4565685
4567266
4568753
4571636
4573513
4580658
4583720
4584502
4588174
4588986
4589969
4594970
4595573
4595626
4595773
4596302
4596790
4598257
4599242
4601090
4603163
4605262
4606507
4607184
4607872
4611819
4613336
4615016
4616177
4616437
4620224
4620650
4623490
4624653
4625425
4630589
4637808
4638351
4638837
4640363
4643432
4646922
4647943
4648547
4650363
4651348
4651823
4651921
4653699
4653933
4655762
4661802
4663414
4663891
4667573
4668580
4668713
4669378
4671980
4674100
4677201
4678237
4678444
4679233
4679244
4680742
4684005
4684619
4686635
4686661
4691231
4692417
4692467
4692549
4699917
4702921
4705949
4712086
4713165
4713662
4715710
4716415
4717258
4721969
4725319
4728039
4728467
4728512
4732332
4736635
4736803
4738340
4742105
4745644
4746536
4749199
4750487
4751251
4752501
4753307
4754843
4757290
4764924
4765904
4768023
4771224
4772439
4773764
4774652
4775097
4775178
4775697
4777467
4777981
4779559
4786845
4788761
4791401
4792856
4794112
4794660
4796241
4797735
4797874
4801056
4801677
4802103
4802935
4803068
4803687
4805323
4807415
4807993
4808214
4809102
4809180
4813235
4813370
4816284
4818595
4819290
4820655
4823355
4823462
4824885
4825842
4827359
4828680
4838027
4838546
4841251
4842760
4843592
4843910
4845812
4851600
4852061
4852419
4856266
4857837
4862872
4863379
4865964
4866850
4868863
4868950
4874239
4875083
4876780
4879116
4881726
4883284
4884866
4885694
4897549
4897674
4898957
4902979
4904453
4907155
4910653
4911331
4918794
4920696
4920704
4921984
4923180
4923338
4929043
4929987
4933301
4933765
4936305
4939114
4939522
4940515
4941449
4942548
4946845
4948468
4948557
4951196
4954038
4954940
4955226
4956493
4962406
4964368
4965932
4968124
4969422
4973389
4974056
4975674
4976540
4978022
4978981
4980430
4981987
4982829
4983242
4983312
4985548
4986080
4991155
4993462
4994922
4998845
4999787
4999944
5000341
5005269
5005817
5010666
5011453
5012510
5014753
5015784
5017453
5018063
5018084
5020671
5024910
5025748
5026260
5026494
5028372
5032952
5036341
5037874
5040349
5041657
5045108
5046106
5046505
5055875
5056145
5058518
5068071
5068751
5070479
5070909
5072167
5075140
5075811
5077553
5079067
5082745
5084364
5084445
5086188
5089119
5090110
5090381
5090478
5092623
5100166
5102484
5105727
5107734
5108937
5110229
5111733
5111867
5112621
5114116
5114810
5120311
5122988
5124452
5125757
5125838
5129932
5131417
5131885
5132459
5133112
5133510
5133601
5142214
5144048
5146425
5148618
5149564
5151064
5151867
5152437
5152755
5152907
5154134
5154714
5158064
5160415
5161963
5162113
5162995
5163802
5165627
5174684
5177660
5181589
5184559
5187029
5187861
5189557
5191358
5192595
5193692
5195319
5196589
5200007
5201212
5206012
5208861
5209380
5210184
5210287
5210325
5211206
5214392
5217700
5219793
5221668
5224426
5224445
5229991
5232112
5234703
5236252
5236520
5238672
5241694
5247898
5249500
5250352
5250976
5252172
5253812
5253869
5257167
5257852
5259085
5260572
5268740
5270210
5274337
5274705
5274943
5275433
5277850
5278135
5278478
5280769
5282686
5294519
5297931
5298791
5301858
5302420
5308642
5309191
5309362
5310713
5310783
5313491
5315140
5317716
5322406
5322486
5326546
5327453
5329983
5330425
5333161
5334894
5336133
5337117
5340733
5343530
5343989
5346237
5346841
5348049
5353452
5354369
5355025
5357420
5360171
5360984
5362039
5363206
5365333
5366078
5367135
5367233
5367990
5368823
5372254
5375739
5377019
5385977
5395308
5396350
5396919
5399533
5400465
5400467
5401199
5403126
5403842
5405729
5408946
5410314
5411924
5414259
5416467
5417273
5417748
5421202
5422153
5422872
5424106
5427923
5430857
5434587
5434981
5436099
5440308
5440348
5440705
5441605
5442616
5443395
5444341
5446297
5446376
5447920
5460375
5461813
5462763
5464798
5466575
5468544
5470964
5471613
5478677
5479226
5481260
5481437
5484206
5486104
5490430
5498450
5500146
5500194
5501216
5504265
5506546
5512458
5517231
5519658
5520914
5523659
5527657
5528760
5532484
5533141
5534078
5535953
5540585
5541631
5544196
5549262
5549438
5549820
5549913
5552539
5555898
5558452
5559412
5562076
5563366
5564255
5566731
5568671
5568936
5573597
5573662
5574179
5574375
5575337
5577705
5580008
5580772
5581699
5582870
5582911
5585488
5586816
5590094
5590958
5594888
5594911
5597227
5601456
5602399
5606088
5608998
5609232
5610235
5612032
5612263
5614883
5615424
5616363
5616442
5620709
5623930
5626078
5628042
5629205
5629392
5639361
5640615
5648643
5650516
5652838
5653022
5660680
5663404
5664672
5665684
5666816
5668940
5676980
5677463
5679118
5680167
5680788
5681469
5681516
5682197
5686902
5689845
5690783
5691165
5692969
5692976
5694576
5695417
5698038
5698191
5699706
5700073
5700127
5702565
5706319
5706780
5707657
5709818
5711313
5717507
5721194
5721354
5724669
5725309
5726579
5727421
5727466
5727665
5727724
5728203
5731977
5733180
5736885
5741009
5745531
5747828
5749223
5750441
5752058
5755085
5756055
5759305
5760477
5760754
5764052
5764656
5766680
5766765
5769753
5770255
5777143
5779589
5783108
5783420
5784896
5785028
5792480
5793250
5793833
5795521
5799368
5802286
5805308
5806065
5810102
5810771
5812527
5815453
5815533
5818582
5819856
5821742
5823609
5831725
5832480
5833920
5837141
5838940
5840703
5840932
5841854
5842013
5842377
5843276
5844134
5845148
5846568
5849729
5855313
5859435
5859947
5861741
5862625
5862632
5863481
5863867
5864771
5865554
5865882
5868357
5868897
5870781
5871480
5871666
5872492
5872833
5877659
5879751
5879851
5884905
5886455
5892578
5893082
5899176
5899599
5900081
5905479
5907221
5909035
5913367
5914640
5918906
5919927
5923186
5924738
5933804
5942148
5942570
5943124
5943425
5944665
5944674
5946820
5947771
5953151
5953275
5954396
5957162
5957393
5960083
5960747
5966459
5972093
5976083
5977902
5977902
5978030
5978039
5980556
5981756
5983912
5986915
5988018
5988067
5988692
5989467
5989821
5990167
5990845
5991625
5991816
5993790
5994400
6002217
6005241
6005473
6010796
6012421
6012709
6022193
6025271
6026269
6030871
6033748
6033869
6035033
6036438
6038494
6039804
6042456
6043555
6044970
6049078
6049271
6055355
6056851
6057177
6062344
6065539
6065907
6068824
6069247
6071206
6071926
6079419
6086093
6088427
6089896
6095875
6095983
6096247
6100000
6101245
6101838
6103350
6105235
6108621
6109764
6111142
6111446
6113177
6115026
6122465
6127315
6130539
6131551
6139291
6143068
6151227
6153730
6154542
6155311
6157882
6159632
6159962
6160821
6160927
6165657
6166165
6168744
6172199
6172787
6176547
6177621
6179842
6180735
6181744
6184451
6184819
6184880
6189192
6189728
6191824
6191932
6194321
6197762
6203290
6205542
6213189
6214701
6219176
6220388
6224203
6226985
6227707
6230134
6230395
6230804
6234578
6235019
6235934
6236732
6238578
6240530
6245120
6245165
6248083
6249894
6251285
6251942
6257758
6260012
6261059
6262622
6264224
6264353
6268731
6269814
6271658
6271861
6275087
6276947
6280845
6281584
6284942
6285949
6286528
6288133
6289498
6290348
6290385
6291095
6293110
6300172
6306206
6310834
6312258
6314115
6314129
6314520
6317375
6318588
6320695
6322991
6323549
6325188
6327253
6327288
6327441
6327726
6328370
6330438
6332477
6334455
6337743
6338798
6339854
6341865
6346407
6349408
6353614
6353822
6355102
6360459
6360653
6361697
6365128
6365525
6368586
6369022
6369737
6370186
6375585
6381466
6382451
6382750
6383823
6386812
6387376
6389775
6391398
6396601
6401497
6402284
6402432
6402540
6413199
6413785
6417286
6417461
6421946
6424585
6425370
6428026
6431434
6437838
6442419
6442435
6445062
6446827
6454426
6457031
6457846
6458347
6461042
6461792
6462571
6463904
6467376
6471221
6473331
6474749
6475273
6477133
6479066
6479414
6480539
6482141
6482653
6484240
6485884
6486104
6488415
6489258
6493735
6496068
6496586
6499463
6499483
6502133
6502262
6503019
6503041
6503134
6504176
6505004
6505244
6505258
6507240
6508418
6508970
6510499
6511120
6512410
6515198
6516622
6516839
6519013
6519583
6521912
6522701
6522832
6522874
6526102
6527641
6528073
6529066
6531227
6531795
6531960
6534099
6536443
6537132
6541707
6541977
6544646
6548495
6550504
6551682
6552332
6552855
6554757
6557083
6558494
6560624
6567496
6568494
6570949
6574771
6574992
6576244
6576352
6578330
6579742
6580598
6582158
6586111
6587826
6587958
6589250
6590466
6590785
6591434
6592476
6593200
6593973
6594980
6595998
6597516
6600264
6601118
6601710
6601720
6603319
6605044
6606995
6609209
6610714
6611548
6617058
6617095
6621301
6621362
6626616
6629601
6630592
6635445
6635955
6638884
6642446
6647147
6651352
6651437
6652245
6655349
6655529
6658817
6661132
6662839
6665167
6669658
6671726
6673849
6674116
6675624
6675753
6675780
6676230
6679864
6681974
6683662
6688165
6690016
6690387
6691205
6695663
6696728
6697616
6700316
6703537
6703711
6704211
6706197
6706556
6708196
6711354
6716593
6719627
6719941
6722159
6722165
6723318
6725833
6726840
6729048
6731191
6736154
6740365
6740433
6743193
6744260
6747117
6747534
6750487
6750749
6751904
6760191
6763536
6763554
6763686
6763923
6770120
6773606
6774868
6777574
6778722
6779323
6779889
6782376
6782527
6786490
6790255
6796107
6796147
6796534
6797045
6797574
6801583
6803518
6804388
6805451
6807179
6807521
6809456
6809803
6810541
6813131
6815787
6816368
6816606
6817052
6817775
6819523
6819876
6820101
6822484
6823995
6824150
6826848
6831717
6831719
6837868
6847836
6847881
6848403
6854182
6857246
6857503
6859987
6862740
6863012
6867208
6867579
6868036
6875304
6877817
6878324
6878834
6882323
6884349
6885267
6885629
6888195
6890941
6892057
6896668
6901465
6901546
6903904
6905236
6906227
6911691
6912819
6913812
6914172
6917641
6917845
6919955
6920102
6923006
6923020
6923196
6923236
6923273
6926516
6926778
6927779
6930133
6931542
6933923
6934393
6935635
6935858
6936510
6936889
6940673
6940999
6941590
6942119
6943032
6944414
6946196
6947698
6947921
6948805
6951049
6953598
6959808
6969329
6974517
6977351
6977996
6986078
6986617
6986966
6988087
6990666
6991127
6995115
7000181
7001698
7003755
7005808
7006296
7014214
7014337
7015396
7015740
7019676
7020112
7022862
7023263
7024290
7025023
7025789
7026141
7033102
7033664
7034124
7036333
7041177
7044738
7047387
7052270
7052323
7054754
7056297
7061973
7064104
7064124
7065703
7066663
7066859
7070316
7071843
7074551
7075179
7076152
7081325
7081710
7083379
7085361
7085975
7087224
7088737
7093594
7095590
7097334
7104115
7110683
7114441
7116254
7117844
7118889
7119169
7120108
7120957
7124203
7124659
7125034
7125855
7127518
7131709
7132321
7133166
7133832
7143736
7145117
7158606
7159199
7160738
7166243
7166252
7168169
7169212
7170665
7172149
7173024
7177392
7183676
7184227
7185819
7186490
7188353
7189995
7191074
7193361
7198248
7199006
7199089
7199134
7203735
7203973
7205087
7205613
7207743
7208334
7209650
7211548
7220538
7220671
7221481
7222487
7225640
7236493
7236818
7239808
7239933
7240394
7242325
7243609
7247581
7248551
7250245
7250518
7251214
7252272
7253942
7254308
7257471
7259328
7262290
7263108
7264272
7268328
7273391
7274418
7274499
7277375
7278433
7278577
7279696
7283275
7285037
7287534
7289026
7292244
7293613
7295831
7297910
7302088
7302817
7306428
7310717
7312048
7315063
7316163
7317098
7318952
7321658
7326434
7327363
7328390
7332592
7338154
7338892
7341604
7342318
7346751
7348249
7348373
7349918
7350302
7353559
7355701
7358620
7358729
7367179
7367232
7367974
7370037
7374033
7374131
7375598
7376989
7377034
7377192
7377787
7378435
7378512
7383307
7384676
7384696
7384822
7390957
7391672
7392034
7392516
7393581
7394333
7402819
7405188
7406576
7407619
7408154
7414909
7416253
7416572
7417646
7419454
7422762
7423749
7423918
7426822
7428617
7429396
7430392
7432950
7433658
7433742
7434891
7437255
7437410
7438537
7439661
7440820
7440967
7441257
7446477
7449665
7449802
7450205
7456005
7458557
7458887
7459620
7460497
7462376
7463001
7465065
7469548
7472663
7474720
7475886
7479807
7482779
7484635
7486609
7486728
7488108
7492314
7492376
7493167
7493481
7494935
7497177
7498781
7499338
7503848
7509400
7510585
7510669
7512361
7513624
7513746
7514434
7517135
7517475
7518431
7519460
7520248
7523835
7527021
7532122
7533988
7535896
7536489
7540077
7540868
7540964
7542215
7543426
7543902
7546834
7546894
7551135
7552289
7559901
7560642
7561826
7562549
7565460
7567391
7568663
7569225
7571914
7573861
7579356
7579496
7582352
7583007
7585294
7586731
7588255
7588719
7589980
7590868
7598308
7600696
7601299
7605310
7609257
7610160
7610213
7612494
7612495
7612637
7614420
7615291
7616148
7620378
7622320
7624161
7628399
7631626
7633196
7635628
7637011
7638689
7638823
7640205
7641249
7641649
7644871
7646544
7655323
7655978
7656927
7657140
7658232
7661917
7661924
7662440
7662653
7665239
7667481
7667741
7670726
7670755
7671088
7672211
7672827
7676064
7676343
7679359
7682760
7683925
7683929
7684223
7684666
7685223
7687095
7692374
7694451
7697072
7699089
7701504
7703048
7703551
7705456
7708981
7711529
7711944
7717569
7720174
7720787
7723653
7724017
7725461
7727167
7735911
7737850
7738734
7741602
7742729
7745518
7746234
7749971
7750800
7750853
7754671
7755057
7755245
7756681
7759419
7762830
7765237
7769548
7770236
7773976
7774106
7781009
7781909
7785036
7787783
7790508
7791548
7792066
7801365
7804704
7806272
7806863
7807782
7809664
7810095
7811411
7812240
7815396
7816500
7820531
7823264
7823480
7824237
7825101
7825338
7825649
7826395
7827578
7829607
7831803
7834278
7835742
7838621
7840395
7840664
7840965
7848766
7849017
7850638
7851580
7853420
7855447
7856401
7856434
7858404
7858513
7859974
7860221
7865017
7866013
7866164
7869042
7870542
7878902
7883342
7886586
7886756
7889274
7891549
7892250
7892857
7893319
7896553
7896559
7900302
7900799
7902978
7903127
7904465
7905719
7910574
7910800
7913495
7913562
7915423
7915948
7920928
7922457
7922959
7923227
7925699
7927669
7927782
7929744
7931700
7932966
7934579
7935319
7936483
7937381
7941608
7942080
7942806
7953769
7953961
7958956
7959979
7962147
7965162
7965252
7966398
7967603
7968109
7968859
7969578
7971564
7973042
7975471
7978347
7979728
7980248
7981424
7994041
7997652
7998356
7999757
8000337
8000694
8003734
8005384
8006519
8006852
8007600
8007852
8012553
8012771
8013610
8015021
8025889
8027857
8029980
8031799
8032635
8033880
8034101
8035284
8038596
8039553
8042792
8043590
8044832
8047713
8054125
8055709
8056033
8058014
8059308
8063572
8063826
8065159
8065237
8067477
8069891
8072116
8072769
8074531
8077350
8078929
8079679
8080178
8080641
8080682
8083530
8085675
8086099
8086753
8088391
8088932
8091112
8092265
8094584
8094828
8096246
8097445
8098195
8098774
8099485
8101267
8101997
8103495
8105968
8110623
8110943
8112397
8113078
8114613
8115744
8120843
8122901
8123536
8127282
8130171
8133568
8134216
8134572
8135029
8136089
8138958
8139946
8140827
8142111
8143491
8145316
8147815
8151410
8154623
8157248
8159427
8162561
8164914
8170232
8170789
8172317
8172902
8180804
8183923
8190068
8192899
8194477
8198797
8198833
8199469
8199720
8203168
8207765
8211146
8212363
8214558
8215615
8215917
8224832
8227407
8227764
8229034
8230050
8235441
8235616
8236969
8238731
8239848
8241212
8242517
8243063
8244959
8245190
8246626
8246904
8248820
8253489
8254825
8255526
8256086
8256372
8257777
8259333
8262560
8262794
8263166
8263268
8265759
8272993
8277342
8284710
8288345
8288494
8291057
8292403
8294700
8297245
8304505
8304722
8306300
8306358
8312173
8313644
8319227
8319985
8325812
8337481
8340354
8342095
8342115
8347889
8348350
8351639
8354710
8356164
8358883
8359235
8360436
8362153
8362836
8362921
8369095
8371789
8372281
8373713
8377171
8382785
8387132
8387713
8388653
8388941
8401887
8404919
8406669
8408160
8410935
8412129
8414308
8414813
8414970
8415083
8416438
8421797
8422547
8423201
8423631
8424362
8424563
8427789
8431252
8435449
8441128
8442089
8446703
8447064
8454389
8454420
8455412
8456018
8457397
8458115
8459995
8461468
8461478
8462479
8464673
8468870
8470005
8473209
8474340
8476684
8476823
8477721
8481150
8482443
8483158
8483562
8486568
8489129
8490809
8494115
8496447
8498026
8498152
8499182
8499642
8499791
8502960
8504800
8509569
8511830
8517699
8517944
8518799
8522870
8524336
8524967
8527293
8527475
8528738
8528821
8535095
8536850
8537356
8545840
8545858
8547244
8549265
8549490
8550520
8550635
8551375
8554144
8554560
8555166
8556665
8556916
8563002
8565702
8566049
8568263
8570057
8570622
8572451
8575311
8577521
8583870
8583923
8587320
8590689
8591761
8594754
8601510
8602278
8602368
8603158
8603651
8604680
8606765
8608150
8608164
8608821
8624656
8624827
8625921
8626889
8627754
8631595
8632931
8641769
8643290
8643974
8649867
8650915
8652114
8652874
8653256
8654438
8656572
8657283
8657954
8659402
8663595
8663905
8663974
8664138
8664544
8666154
8666528
8667046
8668879
8671262
8674900
8675046
8682007
8683472
8683655
8687960
8688865
8693050
8694154
8695598
8698851
8704898
8705202
8707964
8710502
8713343
8717158
8717422
8721503
8723494
8723756
8727148
8729669
8734894
8738026
8740776
8742715
8745279
8745342
8753901
8754919
8755377
8756343
8757770
8759691
8760118
8760809
8761866
8763786
8768346
8768977
8769530
8769955
8771534
8772728
8772854
8773998
8778357
8781312
8781641
8783444
8786593
8787410
8788667
8789005
8791896
8793310
8793970
8794913
8801698
8802389
8803553
8804632
8812247
8822027
8822769
8823166
8825646
8827205
8827932
8828271
8831415
8832419
8833956
8834819
8836976
8839671
8842854
8845394
8847882
8849147
8851470
8852162
8854877
8856050
8858188
8860162
8861536
8861537
8864615
8866061
8867067
8867835
8870093
8870792
8875074
8876507
8876530
8876650
8877025
8878296
8885619
8886549
8887035
8888318
8888819
8888869
8889683
8893065
8894233
8896260
8896546
8902707
8906727
8912214
8912820
8913004
8914453
8916473
8917938
8919994
8920309
8920435
8920566
8921309
8923134
8925372
8931844
8932519
8932617
8935042
8935068
8935479
8935943
8939929
8942629
8948369
8952040
8953303
8956719
8958255
8960679
8964306
8965671
8966815
8968255
8968792
8974034
8975974
8976979
8977870
8979083
8979844
8980493
8981367
8982978
8983220
8984690
8985913
8994314
8995772
9000342
9002565
9005644
9007455
9008894
9012509
9013164
9014571
9015243
9020272
9020922
9022075
9022728
9023611
9027373
9029348
9029607
9032363
9032598
9035529
9036665
9044961
9048413
9050558
9051029
9053117
9054208
9054766
9054834
9054894
9063592
9063756
9066994
9068689
9070192
9071877
9075077
9076997
9077317
9079326
9079599
9080628
9082074
9086113
9089011
9090127
9091209
9091601
9091963
9092429
9092661
9097079
9098213
9101272
9102487
9104563
9106558
9107291
9108271
9116043
9116580
9117157
9118235
9118895
9121081
9121623
9121861
9126660
9128174
9128434
9130770
9131611
9132847
9133781
9135400
9135440
9135909
9135970
9138104
9140073
9143048
9145547
9152578
9154484
9154797
9155405
9155636
9156359
9157524
9158324
9159325
9159462
9159831
9160159
9162116
9163024
9164148
9164915
9167804
9170604
9173255
9175996
9176708
9177192
9177900
9180357
9183222
9183986
9186091
9188433
9196438
9197500
9200352
9202346
9203301
9205821
9210264
9214589
9215885
9223740
9224293
9225346
9226960
9228669
9234253
9234763
9239678
9239850
9241414
9243475
9243669
9245052
9249097
9250293
9253899
9255624
9260676
9262527
9263581
9263916
9270141
9270251
9276609
9277227
9282179
9282941
9283744
9284866
9285723
9286617
9286894
9289917
9290279
9292918
9293761
9293819
9296048
9300309
9301539
9301607
9305276
9307145
9311177
9312473
9316507
9317007
9317724
9318871
9319307
9320307
9320787
9321315
9322108
9324827
9324844
9325663
9325999
9328029
9331901
9332787
9335022
9336312
9336926
9340031
9340618
9343821
9350437
9351797
9356798
9357605
9357885
9358242
9359216
9361680
9364018
9368673
9370914
9375168
9378226
9379537
9380841
9382183
9383049
9384032
9387645
9388152
9388746
9391994
9393242
9394194
9395764
9398048
9404515
9405202
9405317
9406071
9407050
9407754
9409913
9410909
9411471
9412510
9417373
9419895
9421830
9422932
9423886
9425464
9428269
9433876
9436030
9437780
9442332
9443165
9443620
9446933
9447675
9449331
9450812
9451903
9452989
9454933
9456234
9457362
9457834
9458101
9458917
9458967
9459914
9459933
9460593
9462122
9465483
9469252
9469469
9469495
9474251
9474515
9474879
9475219
9476046
9478180
9478584
9478781
9480179
9482328
9483133
9484424
9488201
9489713
9490325
9496895
9497962
9502505
9505737
9509494
9512765
9516159
9517584
9517939
9518429
9527201
9531124
9533229
9534157
9534357
9537684
9537688
9540480
9541093
9541526
9541787
9541890
9542142
9542369
9546175
9548368
9548642
9548659
9549263
9550326
9552303
9553350
9556533
9558531
9559876
9560638
9566405
9567484
9568634
9568724
9569682
9569726
9574136
9577737
9583223
9583679
9584047
9586935
9587655
9588449
9589524
9589853
9590546
9593317
9606708
9607188
9610196
9615232
9624628
9625105
9627039
9628752
9631399
9631918
9634631
9634758
9643069
9644013
9645071
9645923
9646608
9647963
9650795
9657292
9658156
9658744
9660937
9661229
9663555
9671422
9672178
9676314
9680313
9688241
9691448
9691458
9692880
9695202
9696606
9697485
9697693
9698208
9706270
9706631
9707054
9707582
9708089
9709687
9710282
9714196
9715114
9715179
9717781
9718091
9718558
9724023
9726050
9726068
9728482
9738788
9740492
9745063
9751484
9752981
9754790
9759711
9760529
9762736
9763785
9769112
9769281
9770502
9771689
9772161
9773421
9774790
9776389
9778733
9779323
9780178
9788351
9796824
9797150
9798585
9801660
9801967
9802641
9805631
9806308
9807199
9807840
9818116
9818602
9820904
9824325
9825355
9826915
9827984
9831307
9831416
9832250
9832907
9833650
9836667
9837571
9842308
9843058
9843081
9843097
9843359
9843995
9844192
9844226
9848105
9851331
9854697
9855280
9855501
9856858
9857413
9858961
9858992
9862649
9863723
9864134
9870269
9871560
9877981
9878564
9878868
9880082
9880721
9884281
9885071
9885457
9886343
9887116
9887506
9889689
9894314
9900847
9901451
9903147
9904511
9906214
9911530
9912241
9913759
9914063
9915176
9917220
9918428
9920783
9926769
9929166
9929242
9930844
9930892
9930994
9931534
9932454
9935485
9936437
9939463
9939642
9940926
9942069
9945942
9949855
9951821
9954224
9958520
9959116
9959957
9960150
9960706
9962027
9962129
9962192
9962713
9962811
9963400
9964612
9966595
9967569
9971916
9975853
9976216
9978561
9979090
9979483
9981324
9981611
9984057
9984620
9987313
9987853
9989386
9989782
9993651
9994538
9998121